0 0
1 0.025
2 0.05
3 0.075
4 0.1
5 0.125
6 0.15
7 0.175
8 0.2
9 0.225
10 0.25
11 0.275
12 0.3
13 0.325
14 0.35
15 0.375
16 0.4
17 0.425
18 0.45
19 0.475
20 0.5
21 0.525
22 0.55
23 0.575
24 0.6
25 0.625
26 0.65
27 0.675
28 0.7
29 0.725
30 0.75
31 0.775
32 0.8
33 0.825
34 0.85
35 0.875
36 0.9
37 0.925
38 0.95
39 0.975
40 1
41 1.025
42 1.05
43 1.075
44 1.1
45 1.125
46 1.15
47 1.175
48 1.2
49 1.225
50 1.25
51 1.275
52 1.3
53 1.325
54 1.35
55 1.375
56 1.4
57 1.425
58 1.45
59 1.475
60 1.5
61 1.525
62 1.55
63 1.575
64 1.6
65 1.625
66 1.65
67 1.675
68 1.7
69 1.725
70 1.75
71 1.775
72 1.8
73 1.825
74 1.85
75 1.875
76 1.9
77 1.925
78 1.95
79 1.975
80 2
81 2.025
82 2.05
83 2.075
84 2.1
85 2.125
86 2.15
87 2.175
88 2.2
89 2.225
90 2.25
91 2.275
92 2.3
93 2.325
94 2.35
95 2.375
96 2.4
97 2.425
98 2.45
99 2.475
100 2.5
101 2.525
102 2.55
103 2.575
104 2.6
105 2.625
106 2.65
107 2.675
108 2.7
109 2.725
110 2.75
111 2.775
112 2.8
113 2.825
114 2.85
115 2.875
116 2.9
117 2.925
118 2.95
119 2.975
120 3
121 3.025
122 3.05
123 3.075
124 3.1
125 3.125
126 3.15
127 3.175
128 3.2
129 3.225
130 3.25
131 3.275
132 3.3
133 3.325
134 3.35
135 3.375
136 3.4
137 3.425
138 3.45
139 3.475
140 3.5
141 3.525
142 3.55
143 3.575
144 3.6
145 3.625
146 3.65
147 3.675
148 3.7
149 3.725
150 3.75
151 3.775
152 3.8
153 3.825
154 3.85
155 3.875
156 3.9
157 3.925
158 3.95
159 3.975
160 4
161 4.025
162 4.05
163 4.075
164 4.1
165 4.125
166 4.15
167 4.175
168 4.2
169 4.225
170 4.25
171 4.275
172 4.3
173 4.325
174 4.35
175 4.375
176 4.4
177 4.425
178 4.45
179 4.475
180 4.5
181 4.525
182 4.55
183 4.575
184 4.6
185 4.625
186 4.65
187 4.675
188 4.7
189 4.725
190 4.75
191 4.775
192 4.8
193 4.825
194 4.85
195 4.875
196 4.9
197 4.925
198 4.95
199 4.975
200 5
201 5.025
202 5.05
203 5.075
204 5.1
205 5.125
206 5.15
207 5.175
208 5.2
209 5.225
210 5.25
211 5.275
212 5.3
213 5.325
214 5.35
215 5.375
216 5.4
217 5.425
218 5.45
219 5.475
220 5.5
221 5.525
222 5.55
223 5.575
224 5.6
225 5.625
226 5.65
227 5.675
228 5.7
229 5.725
230 5.75
231 5.775
232 5.8
233 5.825
234 5.85
235 5.875
236 5.9
237 5.925
238 5.95
239 5.975
240 6
241 6.025
242 6.05
243 6.075
244 6.1
245 6.125
246 6.15
247 6.175
248 6.2
249 6.225
250 6.25
251 6.275
252 6.3
253 6.325
254 6.35
255 6.375
256 6.4
257 6.425
258 6.45
259 6.475
260 6.5
261 6.525
262 6.55
263 6.575
264 6.6
265 6.625
266 6.65
267 6.675
268 6.7
269 6.725
270 6.75
271 6.775
272 6.8
273 6.825
274 6.85
275 6.875
276 6.9
277 6.925
278 6.95
279 6.975
280 7
281 7.025
282 7.05
283 7.075
284 7.1
285 7.125
286 7.15
287 7.175
288 7.2
289 7.225
290 7.25
291 7.275
292 7.3
293 7.325
294 7.35
295 7.375
296 7.4
297 7.425
298 7.45
299 7.475
300 7.5
301 7.525
302 7.55
303 7.575
304 7.6
305 7.625
306 7.65
307 7.675
308 7.7
309 7.725
310 7.75
311 7.775
312 7.8
313 7.825
314 7.85
315 7.875
316 7.9
317 7.925
318 7.95
319 7.975
320 8
