-4.77323e-16
5.89542e-17
-4.25515e-16
4.59733e-17
-1.38898e-16
1.47945e-16
3.63502e-16
7.90627e-16
-4.71473e-16
9.06698e-18
7.71731e-17
9.14939e-17
6.77626e-18
-6.73138e-17
6.60948e-16
5.64147e-17
2.07172e-16
3.23602e-17
-2.62344e-16
-1.33681e-16
1.0406e-16
3.71998e-16
-4.97468e-16
9.12894e-16
1.05636e-16
-4.76809e-16
-3.72199e-16
4.86797e-17
-1.55365e-16
1.27329e-16
6.0835e-17
2.886e-16
-1.00463e-16
-9.92797e-17
-5.17133e-17
3.51729e-17
-1.50678e-17
-3.7259e-16
-2.33756e-16
3.5029e-16
1.74723e-16
