0 0.00585293
1 0.00570992
2 0.00557124
3 0.00543675
4 0.00530633
5 0.00517987
6 0.00505724
7 0.00493833
8 0.00482303
9 0.00471122
10 0.0046028
11 0.00449766
12 0.00439571
13 0.00429683
14 0.00420094
15 0.00410794
16 0.00401773
17 0.00393023
18 0.00384535
19 0.00376301
20 0.00368312
21 0.0036056
22 0.00353038
23 0.00345739
24 0.00338654
25 0.00331776
26 0.003251
27 0.00318618
28 0.00312323
29 0.0030621
30 0.00300273
31 0.00294505
32 0.00288901
33 0.00283456
34 0.00278164
35 0.0027302
36 0.00268018
37 0.00263156
38 0.00258426
39 0.00253826
40 0.0024935
41 0.00244996
42 0.00240757
43 0.00236631
44 0.00232614
45 0.00228702
46 0.00224891
47 0.00221179
48 0.00217562
49 0.00214036
50 0.00210599
51 0.00207248
52 0.00203979
53 0.00200791
54 0.0019768
55 0.00194644
56 0.00191681
57 0.00188787
58 0.00185962
59 0.00183202
60 0.00180505
61 0.0017787
62 0.00175294
63 0.00172776
64 0.00170313
65 0.00167904
66 0.00165548
67 0.00163242
68 0.00160985
69 0.00158776
70 0.00156613
71 0.00154494
72 0.00152419
73 0.00150385
74 0.00148393
75 0.00146439
76 0.00144524
77 0.00142647
78 0.00140805
79 0.00138999
80 0.00137226
81 0.00135487
82 0.0013378
83 0.00132104
84 0.00130458
85 0.00128842
86 0.00127255
87 0.00125696
88 0.00124164
89 0.00122659
90 0.00121179
91 0.00119725
92 0.00118295
93 0.00116889
94 0.00115506
95 0.00114146
96 0.00112808
97 0.00111491
98 0.00110196
99 0.00108921
100 0.00107667
101 0.00106431
102 0.00105215
103 0.00104018
104 0.00102839
105 0.00101678
106 0.00100534
107 0.000994076
108 0.000982977
109 0.000972041
110 0.000961265
111 0.000950645
112 0.000940179
113 0.000929862
114 0.000919692
115 0.000909667
116 0.000899782
117 0.000890035
118 0.000880423
119 0.000870945
120 0.000861596
121 0.000852375
122 0.00084328
123 0.000834307
124 0.000825455
125 0.000816721
126 0.000808103
127 0.000799599
128 0.000791207
129 0.000782926
130 0.000774752
131 0.000766684
132 0.00075872
133 0.000750859
134 0.000743099
135 0.000735437
136 0.000727873
137 0.000720404
138 0.00071303
139 0.000705748
140 0.000698557
141 0.000691455
142 0.000684442
143 0.000677515
144 0.000670673
145 0.000663916
146 0.000657241
147 0.000650647
148 0.000644133
149 0.000637698
150 0.000631341
151 0.00062506
152 0.000618854
153 0.000612723
154 0.000606664
155 0.000600678
156 0.000594762
157 0.000588916
158 0.000583139
159 0.00057743
160 0.000571787
161 0.00056621
162 0.000560699
163 0.000555251
164 0.000549866
165 0.000544543
166 0.000539282
167 0.000534081
168 0.00052894
169 0.000523857
170 0.000518833
171 0.000513865
172 0.000508954
173 0.000504098
174 0.000499298
175 0.000494551
176 0.000489858
177 0.000485217
178 0.000480628
179 0.000476091
180 0.000471604
181 0.000467167
182 0.000462779
183 0.00045844
184 0.000454148
185 0.000449904
186 0.000445707
187 0.000441555
188 0.000437449
189 0.000433388
190 0.000429371
191 0.000425398
192 0.000421468
193 0.000417581
194 0.000413736
195 0.000409932
196 0.00040617
197 0.000402447
198 0.000398765
199 0.000395122
200 0.000391518
201 0.000387953
202 0.000384426
203 0.000380936
204 0.000377483
205 0.000374067
206 0.000370686
207 0.000367342
208 0.000364033
209 0.000360758
210 0.000357518
211 0.000354312
212 0.00035114
213 0.000348
214 0.000344894
215 0.000341819
216 0.000338777
217 0.000335766
218 0.000332786
219 0.000329837
220 0.000326919
221 0.00032403
222 0.000321171
223 0.000318342
224 0.000315541
225 0.000312769
226 0.000310026
227 0.00030731
228 0.000304622
229 0.000301961
230 0.000299328
231 0.00029672
232 0.00029414
233 0.000291585
234 0.000289056
235 0.000286552
236 0.000284074
237 0.00028162
238 0.000279191
239 0.000276786
