5.27365e-13 1.27192e-11 1.94848e-10 1.89618e-09 1.17216e-08 4.60082e-08 1.14576e-07 1.8087e-07 1.8087e-07 1.14576e-07 4.60082e-08 1.17216e-08 1.89618e-09 1.94848e-10 1.27192e-11 5.27365e-13
1.17356e-11 2.83462e-10 4.35342e-09 4.25331e-08 2.64363e-07 1.04436e-06 2.6166e-06 4.14605e-06 4.14605e-06 2.6166e-06 1.04436e-06 2.64363e-07 4.25331e-08 4.35342e-09 2.83462e-10 1.17356e-11
1.61253e-10 3.90741e-09 6.03575e-08 5.95353e-07 3.75279e-06 1.50879e-05 3.84577e-05 6.16053e-05 6.16053e-05 3.84577e-05 1.50879e-05 3.75279e-06 5.95353e-07 6.03575e-08 3.90741e-09 1.61253e-10
1.34396e-09 3.27873e-08 5.13077e-07 5.178e-06 3.38243e-05 0.000142435 0.000380186 0.000627122 0.000627122 0.000380186 0.000142435 3.38243e-05 5.178e-06 5.13077e-07 3.27873e-08 1.34396e-09
6.54057e-09 1.61877e-07 2.60818e-06 2.77818e-05 0.000197693 0.000927454 0.00273875 0.00479878 0.00479878 0.00273875 0.000927454 0.000197693 2.77818e-05 2.60818e-06 1.61877e-07 6.54057e-09
1.68581e-08 4.31204e-07 7.446e-06 9.0021e-05 0.000769251 0.00438964 0.0151018 0.0286604 0.0286604 0.0151018 0.00438964 0.000769251 9.0021e-05 7.446e-06 4.31204e-07 1.68581e-08
1.63413e-08 4.63227e-07 9.8481e-06 0.000163665 0.00196476 0.0145816 0.0588377 0.120019 0.120019 0.0588377 0.0145816 0.00196476 0.000163665 9.8481e-06 4.63227e-07 1.63413e-08
6.77405e-10 5.59793e-08 3.60709e-06 0.000140781 0.00289831 0.0292381 0.138851 0.303958 0.303958 0.138851 0.0292381 0.00289831 0.000140781 3.60709e-06 5.59793e-08 6.77405e-10
3.65684e-12 6.19284e-10 1.54261e-07 2.14794e-05 0.00116186 0.0232943 0.172044 0.467603 0.467603 0.172044 0.0232943 0.00116186 2.14794e-05 1.54261e-07 6.19284e-10 3.65684e-12
1.90326e-12 2.72148e-10 5.86341e-08 7.94472e-06 0.000427949 0.00857291 0.0633032 0.172044 0.172044 0.0633032 0.00857291 0.000427949 7.94472e-06 5.86341e-08 2.72148e-10 1.90326e-12
5.27319e-13 5.82593e-11 8.84641e-09 1.09594e-06 5.81692e-05 0.00116186 0.00857291 0.0232943 0.0232943 0.00857291 0.00116186 5.81692e-05 1.09594e-06 8.84641e-09 5.82593e-11 5.27319e-13
7.92003e-14 7.10663e-12 6.19284e-10 5.86341e-08 2.94566e-06 5.81692e-05 0.000427949 0.00116186 0.00116186 0.000427949 5.81692e-05 2.94566e-06 5.86341e-08 6.19284e-10 7.10663e-12 7.92003e-14
6.45006e-15 5.27319e-13 2.82301e-11 1.45828e-09 5.86341e-08 1.09594e-06 7.94472e-06 2.14794e-05 2.14794e-05 7.94472e-06 1.09594e-06 5.86341e-08 1.45828e-09 2.82301e-11 5.27319e-13 6.45006e-15
2.8285e-16 2.25701e-14 9.9884e-13 2.82301e-11 6.19284e-10 8.84641e-09 5.86341e-08 1.54261e-07 1.54261e-07 5.86341e-08 8.84641e-09 6.19284e-10 2.82301e-11 9.9884e-13 2.25701e-14 2.8285e-16
6.64992e-18 5.28518e-16 2.25701e-14 5.27319e-13 7.10663e-12 5.82593e-11 2.72148e-10 6.19284e-10 6.19284e-10 2.72148e-10 5.82593e-11 7.10663e-12 5.27319e-13 2.25701e-14 5.28518e-16 6.64992e-18
8.37072e-20 6.64992e-18 2.8285e-16 6.45006e-15 7.92003e-14 5.27319e-13 1.90326e-12 3.65684e-12 3.65684e-12 1.90326e-12 5.27319e-13 7.92003e-14 6.45006e-15 2.8285e-16 6.64992e-18 8.37072e-20
