6.87317e-13 1.65768e-11 2.53936e-10 2.47101e-09 1.52725e-08 5.9931e-08 1.49206e-07 2.35489e-07 2.35489e-07 1.49206e-07 5.9931e-08 1.52725e-08 2.47101e-09 2.53936e-10 1.65768e-11 6.87317e-13
1.59261e-11 3.84662e-10 5.90673e-09 5.76846e-08 3.58219e-07 1.41311e-06 3.53465e-06 5.59424e-06 5.59424e-06 3.53465e-06 1.41311e-06 3.58219e-07 5.76846e-08 5.90673e-09 3.84662e-10 1.59261e-11
2.312e-10 5.60113e-09 8.64578e-08 8.51116e-07 5.34217e-06 2.13285e-05 5.39225e-05 8.58859e-05 8.58859e-05 5.39225e-05 2.13285e-05 5.34217e-06 8.51116e-07 8.64578e-08 5.60113e-09 2.312e-10
2.08538e-09 5.08329e-08 7.93164e-07 7.94027e-06 5.09677e-05 0.000208608 0.000538977 0.000869431 0.000869431 0.000538977 0.000208608 5.09677e-05 7.94027e-06 7.93164e-07 5.08329e-08 2.08538e-09
1.148e-08 2.83288e-07 4.5173e-06 4.67567e-05 0.000313351 0.00134235 0.00360206 0.0059357 0.0059357 0.00360206 0.00134235 0.000313351 4.67567e-05 4.5173e-06 2.83288e-07 1.148e-08
3.68324e-08 9.32581e-07 1.55504e-05 0.000171786 0.00124383 0.00573751 0.0162836 0.0276397 0.0276397 0.0162836 0.00573751 0.00124383 0.000171786 1.55504e-05 9.32581e-07 3.68324e-08
5.8645e-08 1.59103e-06 2.96394e-05 0.00037678 0.00313732 0.0161956 0.0495171 0.0871479 0.0871479 0.0495171 0.0161956 0.00313732 0.00037678 2.96394e-05 1.59103e-06 5.8645e-08
1.64381e-08 7.31605e-07 2.26215e-05 0.000432274 0.00476571 0.0293158 0.0990265 0.182288 0.182288 0.0990265 0.0293158 0.00476571 0.000432274 2.26215e-05 7.31605e-07 1.64381e-08
1.9747e-09 1.92507e-07 9.95502e-06 0.000272211 0.00392144 0.0296086 0.115916 0.23113 0.23113 0.115916 0.0296086 0.00392144 0.000272211 9.95502e-06 1.92507e-07 1.9747e-09
5.25523e-10 5.42026e-08 3.00331e-06 8.98225e-05 0.00146779 0.0130977 0.0607472 0.134727 0.134727 0.0607472 0.0130977 0.00146779 8.98225e-05 3.00331e-06 5.42026e-08 5.25523e-10
9.38474e-11 9.73319e-09 5.43157e-07 1.6421e-05 0.000273317 0.00250319 0.0119016 0.0267738 0.0267738 0.0119016 0.00250319 0.000273317 1.6421e-05 5.43157e-07 9.73319e-09 9.38474e-11
9.72238e-12 9.98105e-10 5.49246e-08 1.62351e-06 2.5984e-05 0.000225029 0.00101345 0.00220913 0.00220913 0.00101345 0.000225029 2.5984e-05 1.62351e-06 5.49246e-08 9.98105e-10 9.72238e-12
5.58784e-13 5.64032e-11 3.03722e-09 8.70173e-08 1.32455e-06 1.0663e-05 4.44562e-05 9.22831e-05 9.22831e-05 4.44562e-05 1.0663e-05 1.32455e-06 8.70173e-08 3.03722e-09 5.64032e-11 5.58784e-13
1.75206e-14 1.73464e-12 9.12696e-11 2.54043e-09 3.71948e-08 2.84326e-07 1.12121e-06 2.2421e-06 2.2421e-06 1.12121e-06 2.84326e-07 3.71948e-08 2.54043e-09 9.12696e-11 1.73464e-12 1.75206e-14
2.977e-16 2.89054e-14 1.48762e-12 4.03923e-11 5.75182e-10 4.26496e-09 1.63353e-08 3.20573e-08 3.20573e-08 1.63353e-08 4.26496e-09 5.75182e-10 4.03923e-11 1.48762e-12 2.89054e-14 2.977e-16
2.73396e-18 2.60601e-16 1.31451e-14 3.49427e-13 4.87047e-12 3.53954e-11 1.33356e-10 2.59217e-10 2.59217e-10 1.33356e-10 3.53954e-11 4.87047e-12 3.49427e-13 1.31451e-14 2.60601e-16 2.73396e-18
