1.95914e-16 2.00419e-16 1.95021e-16 1.77125e-16 1.75324e-16 1.92613e-16 1.85318e-16 1.55259e-16 1.56558e-16 1.69336e-16 1.49105e-16 1.4519e-16 1.70225e-16 1.64562e-16 1.41147e-16 1.60726e-16 1.2389e-16 1.10405e-16 8.9092e-17 1.44782e-16 1.12832e-16 1.44646e-16 1.30488e-16 1.11511e-16 1.17791e-16 1.07845e-16 8.61551e-17 7.33728e-17 5.06189e-17 3.32195e-17 1.04597e-16 -1.86035e-17 -7.14964e-18
-0.000270785 -0.000391113 -0.000425367 -0.000458998 -0.00049182 -0.000523683 -0.000554462 -0.000584062 -0.00061241 -0.000639451 -0.000665149 -0.000689483 -0.000712442 -0.000734029 -0.000754251 -0.000773126 -0.000790678 -0.000806933 -0.000821926 -0.000835692 -0.000848269 -0.000859698 -0.000870024 -0.00087929 -0.000887541 -0.000894824 -0.000901185 -0.000906671 -0.000911327 -0.000915201 -0.000918337 -0.00092078 -0.00069258
-0.00053947 -0.000771489 -0.000851867 -0.00091916 -0.000984835 -0.00104859 -0.00111017 -0.0011694 -0.00122612 -0.00128022 -0.00133164 -0.00138032 -0.00142626 -0.00146945 -0.00150991 -0.00154767 -0.00158279 -0.00161531 -0.0016453 -0.00167284 -0.001698 -0.00172087 -0.00174152 -0.00176005 -0.00177656 -0.00179112 -0.00180384 -0.0018148 -0.00182411 -0.00183185 -0.00183811 -0.00181222 -0.00130937
-0.000806555 -0.00114224 -0.00127784 -0.00138046 -0.00147901 -0.00157469 -0.00166711 -0.00175598 -0.00184109 -0.00192228 -0.00199944 -0.0020725 -0.00214143 -0.00220624 -0.00226695 -0.00232362 -0.00237631 -0.00242511 -0.00247011 -0.00251144 -0.00254919 -0.00258349 -0.00261448 -0.00264228 -0.00266703 -0.00268888 -0.00270795 -0.00272439 -0.00273834 -0.00274993 -0.00275511 -0.0026655 -0.0018633
-0.00107248 -0.00150441 -0.001702 -0.00184263 -0.00197433 -0.00210195 -0.00222523 -0.00234378 -0.00245732 -0.00256562 -0.00266854 -0.00276599 -0.00285793 -0.00294438 -0.00302536 -0.00310095 -0.00317123 -0.00323632 -0.00329635 -0.00335146 -0.00340181 -0.00344756 -0.00348888 -0.00352596 -0.00355896 -0.00358808 -0.00361351 -0.00363542 -0.003654 -0.00366885 -0.00366386 -0.00347615 -0.00236484
-0.00133761 -0.00185892 -0.00212338 -0.0023053 -0.00247072 -0.00263035 -0.00278452 -0.00293278 -0.00307476 -0.0032102 -0.0033389 -0.00346077 -0.00357575 -0.00368385 -0.00378512 -0.00387964 -0.00396753 -0.00404892 -0.00412398 -0.0041929 -0.00425585 -0.00431306 -0.00436472 -0.00441107 -0.00445233 -0.00448873 -0.0045205 -0.00454788 -0.004571 -0.00458715 -0.00455891 -0.00424256 -0.0028225
-0.0016023 -0.00220667 -0.00254127 -0.00276797 -0.00296808 -0.00315986 -0.00334495 -0.00352295 -0.0036934 -0.003856 -0.00401051 -0.00415682 -0.00429486 -0.00442464 -0.00454621 -0.00465968 -0.00476519 -0.0048629 -0.00495301 -0.00503574 -0.00511131 -0.00517997 -0.00524198 -0.00529761 -0.00534713 -0.0053908 -0.00542892 -0.00546175 -0.005489 -0.00550268 -0.00543544 -0.00496493 -0.00324327
-0.00186682 -0.00254845 -0.00295518 -0.00323015 -0.00346626 -0.00369042 -0.00390649 -0.00411425 -0.00431321 -0.00450299 -0.00468334 -0.00485411 -0.00501523 -0.00516671 -0.00530861 -0.00544105 -0.0055642 -0.00567824 -0.00578341 -0.00587996 -0.00596815 -0.00604829 -0.00612065 -0.00618557 -0.00624334 -0.0062943 -0.00633876 -0.00637694 -0.00640733 -0.00641285 -0.00628959 -0.00564463 -0.00363289
-0.00213144 -0.00288499 -0.00336477 -0.00369133 -0.00396505 -0.00422199 -0.00446911 -0.00470667 -0.00493416 -0.00515116 -0.00535738 -0.00555263 -0.00573686 -0.00591006 -0.0060723 -0.00622373 -0.00636453 -0.00649492 -0.00661517 -0.00672555 -0.00682638 -0.00691799 -0.00700072 -0.00707492 -0.00714095 -0.00719919 -0.00724997 -0.00729325 -0.00732497 -0.00731489 -0.0071184 -0.00628369 -0.00399617
-0.00239635 -0.00321696 -0.00376988 -0.00415102 -0.0044642 -0.00475449 -0.00503278 -0.00530017 -0.00555623 -0.00580047 -0.00603258 -0.00625236 -0.00645971 -0.00665465 -0.00683726 -0.0070077 -0.00716618 -0.00731293 -0.00744827 -0.0075725 -0.00768598 -0.00778907 -0.00788217 -0.00796566 -0.00803996 -0.00810547 -0.00816251 -0.00821033 -0.00824061 -0.00820607 -0.00791979 -0.00688456 -0.00433709
-0.00266176 -0.00354498 -0.00417043 -0.00460877 -0.00496344 -0.00528782 -0.00559745 -0.00589474 -0.00617939 -0.00645091 -0.00670894 -0.00695326 -0.00718377 -0.00740048 -0.00760348 -0.00779295 -0.00796911 -0.00813225 -0.00828269 -0.00842078 -0.00854692 -0.00866151 -0.00876499 -0.00885778 -0.00894035 -0.00901312 -0.00907623 -0.00912763 -0.00915273 -0.00908387 -0.00869244 -0.00744983 -0.004659
-0.00292783 -0.00386961 -0.00456646 -0.00506419 -0.00546247 -0.00582185 -0.00616309 -0.00649033 -0.00680362 -0.00710245 -0.00738643 -0.00765532 -0.00790901 -0.00814751 -0.00837093 -0.00857945 -0.00877332 -0.00895286 -0.00911842 -0.00927039 -0.0094092 -0.0095353 -0.00964916 -0.00975126 -0.00984209 -0.00992207 -0.00999094 -0.0100444 -0.0100597 -0.00994602 -0.00943563 -0.00798215 -0.00496474
-0.00319469 -0.00419135 -0.00495806 -0.00551694 -0.00596097 -0.00635644 -0.00672963 -0.00708693 -0.00742889 -0.00775506 -0.00806502 -0.00835851 -0.00863541 -0.00889574 -0.00913959 -0.00936719 -0.00957879 -0.00977475 -0.00995545 -0.0101213 -0.0102728 -0.0104104 -0.0105347 -0.0106461 -0.0107452 -0.0108322 -0.0109063 -0.0109599 -0.0109597 -0.0107906 -0.0101492 -0.00848414 -0.00525668
-0.00319469 -0.00419135 -0.00495806 -0.00551694 -0.00596097 -0.00635644 -0.00672963 -0.00708693 -0.00742889 -0.00775506 -0.00806502 -0.00835851 -0.00863541 -0.00889574 -0.00913959 -0.00936719 -0.00957879 -0.00977475 -0.00995545 -0.0101213 -0.0102728 -0.0104104 -0.0105347 -0.0106461 -0.0107452 -0.0108322 -0.0109063 -0.0109599 -0.0109597 -0.0107906 -0.0101492 -0.00848414 -0.00525668
