1.97016e-16 1.99933e-16 1.95531e-16 1.78541e-16 1.7493e-16 1.88112e-16 1.84926e-16 1.53522e-16 1.5907e-16 1.7148e-16 1.51336e-16 1.50335e-16 1.48078e-16 1.58501e-16 1.44868e-16 1.57304e-16 1.26935e-16 1.14552e-16 1.1549e-16 1.52236e-16 1.22441e-16 1.45616e-16 1.37895e-16 1.24439e-16 1.39237e-16 1.16466e-16 9.69352e-17 1.00445e-16 1.15167e-16 9.04054e-17 1.6316e-16 5.74216e-17 6.77622e-17
4.96691e-11 9.45089e-11 1.72039e-10 3.00927e-10 5.07728e-10 8.29055e-10 1.31401e-09 2.02676e-09 3.04929e-09 4.48418e-09 6.45731e-09 9.12051e-09 1.2654e-08 1.72687e-08 2.32078e-08 3.07488e-08 4.02041e-08 5.19224e-08 6.62883e-08 8.37229e-08 1.04683e-07 1.2966e-07 1.5918e-07 1.938e-07 2.34108e-07 2.80721e-07 3.34281e-07 3.95454e-07 4.64928e-07 5.43408e-07 6.31616e-07 7.30286e-07 8.40284e-07
2.75553e-09 3.61712e-09 4.68911e-09 6.02048e-09 7.67574e-09 9.73883e-09 1.2318e-08 1.5551e-08 1.96105e-08 2.47097e-08 3.11077e-08 3.91148e-08 4.90974e-08 6.14822e-08 7.67603e-08 9.54898e-08 1.18298e-07 1.45885e-07 1.7902e-07 2.18546e-07 2.65374e-07 3.20487e-07 3.84932e-07 4.5982e-07 5.46324e-07 6.45669e-07 7.59135e-07 8.88047e-07 1.03377e-06 1.19771e-06 1.3813e-06 1.58602e-06 1.80479e-06
8.35221e-09 1.08531e-08 1.38416e-08 1.74527e-08 2.18003e-08 2.70265e-08 3.33089e-08 4.08682e-08 4.99766e-08 6.0966e-08 7.4236e-08 9.0262e-08 1.09603e-07 1.32905e-07 1.60914e-07 1.9447e-07 2.34519e-07 2.82113e-07 3.38408e-07 4.04667e-07 4.82258e-07 5.72649e-07 6.77408e-07 7.98197e-07 9.36765e-07 1.09494e-06 1.27464e-06 1.47784e-06 1.70657e-06 1.96292e-06 2.24904e-06 2.56597e-06 2.88764e-06
1.70682e-08 2.20794e-08 2.79195e-08 3.48916e-08 4.31782e-08 5.29903e-08 6.45851e-08 7.82757e-08 9.44428e-08 1.13545e-07 1.3613e-07 1.62845e-07 1.94446e-07 2.31807e-07 2.75929e-07 3.2794e-07 3.89108e-07 4.60836e-07 5.4467e-07 6.42293e-07 7.55526e-07 8.86323e-07 1.03677e-06 1.20907e-06 1.40556e-06 1.62865e-06 1.88089e-06 2.1649e-06 2.48336e-06 2.83907e-06 3.23468e-06 3.66791e-06 4.08396e-06
2.91275e-08 3.75643e-08 4.72112e-08 5.86315e-08 7.21067e-08 8.79293e-08 1.06446e-07 1.28073e-07 1.53307e-07 1.82741e-07 2.1708e-07 2.57149e-07 3.03907e-07 3.58461e-07 4.22071e-07 4.96158e-07 5.82311e-07 6.82292e-07 7.98031e-07 9.31635e-07 1.08538e-06 1.26169e-06 1.46319e-06 1.6926e-06 1.95284e-06 2.24691e-06 2.57798e-06 2.9493e-06 3.36422e-06 3.82616e-06 4.33771e-06 4.889e-06 5.38966e-06
4.4751e-08 5.75681e-08 7.20024e-08 8.89664e-08 1.08884e-07 1.32144e-07 1.59193e-07 1.9056e-07 2.26868e-07 2.68853e-07 3.17381e-07 3.73464e-07 4.38271e-07 5.13145e-07 5.99611e-07 6.99385e-07 8.14383e-07 9.46721e-07 1.09872e-06 1.27291e-06 1.47201e-06 1.69895e-06 1.95683e-06 2.24894e-06 2.57874e-06 2.94985e-06 3.36601e-06 3.83112e-06 4.34918e-06 4.92413e-06 5.5572e-06 6.22617e-06 6.80133e-06
6.41569e-08 8.23439e-08 1.02575e-07 1.2619e-07 1.53808e-07 1.85934e-07 2.23129e-07 2.66041e-07 3.15428e-07 3.72179e-07 4.3733e-07 5.12083e-07 5.97826e-07 6.96141e-07 8.08824e-07 9.37889e-07 1.08558e-06 1.25437e-06 1.44698e-06 1.66635e-06 1.91565e-06 2.19829e-06 2.51789e-06 2.87826e-06 3.28343e-06 3.73759e-06 4.2451e-06 4.81047e-06 5.43832e-06 6.13276e-06 6.89183e-06 7.67623e-06 8.31603e-06
8.75622e-08 1.12138e-07 1.39206e-07 1.70594e-07 2.07177e-07 2.49604e-07 2.98558e-07 3.5482e-07 4.19292e-07 4.93023e-07 5.77226e-07 6.73304e-07 7.82863e-07 9.07736e-07 1.04999e-06 1.21194e-06 1.39616e-06 1.6055e-06 1.84305e-06 2.11217e-06 2.4165e-06 2.75992e-06 3.14654e-06 3.58073e-06 4.06705e-06 4.61027e-06 5.21536e-06 5.88744e-06 6.63163e-06 7.45165e-06 8.33995e-06 9.23601e-06 9.93122e-06
1.15182e-07 1.47193e-07 1.82169e-07 2.22471e-07 2.69291e-07 3.23454e-07 3.85784e-07 4.57202e-07 5.38766e-07 6.31689e-07 7.37373e-07 8.57425e-07 9.93679e-07 1.14822e-06 1.32339e-06 1.52182e-06 1.74641e-06 2.00036e-06 2.28717e-06 2.61063e-06 2.9748e-06 3.38405e-06 3.843e-06 4.35653e-06 4.92977e-06 5.56805e-06 6.27693e-06 7.06211e-06 7.92906e-06 8.88017e-06 9.89965e-06 1.09025e-05 1.16447e-05
1.47233e-07 1.87744e-07 2.31731e-07 2.82108e-07 3.40448e-07 4.0779e-07 4.85115e-07 5.73498e-07 6.74158e-07 7.88487e-07 9.18078e-07 1.06475e-06 1.23057e-06 1.41789e-06 1.62932e-06 1.8678e-06 2.13658e-06 2.43922e-06 2.77961e-06 3.16195e-06 3.59077e-06 4.0709e-06 4.60746e-06 5.20586e-06 5.87176e-06 6.61108e-06 7.42994e-06 8.33457e-06 9.33046e-06 1.04175e-05 1.15688e-05 1.26728e-05 1.34545e-05
1.83927e-07 2.34026e-07 2.88155e-07 3.49793e-07 4.20947e-07 5.02915e-07 5.96858e-07 7.04016e-07 8.2578e-07 9.63726e-07 1.11965e-06 1.29559e-06 1.49385e-06 1.71703e-06 1.96806e-06 2.25018e-06 2.56697e-06 2.92235e-06 3.32062e-06 3.7664e-06 4.26466e-06 4.82069e-06 5.44013e-06 6.1289e-06 6.89321e-06 7.73952e-06 8.67452e-06 9.70485e-06 1.08356e-05 1.20625e-05 1.33452e-05 1.45441e-05 1.5359e-05
2.25479e-07 2.86268e-07 3.51701e-07 4.25808e-07 5.11085e-07 6.09135e-07 7.21322e-07 8.49068e-07 9.93943e-07 1.15772e-06 1.3424e-06 1.55024e-06 1.78381e-06 2.04597e-06 2.33992e-06 2.66924e-06 3.03784e-06 3.45003e-06 3.91047e-06 4.42422e-06 4.9967e-06 5.63366e-06 6.34124e-06 7.12587e-06 7.99429e-06 8.95353e-06 1.00108e-05 1.11729e-05 1.2444e-05 1.3814e-05 1.52266e-05 1.65141e-05 1.73564e-05
2.25479e-07 2.86268e-07 3.51701e-07 4.25808e-07 5.11085e-07 6.09135e-07 7.21322e-07 8.49068e-07 9.93943e-07 1.15772e-06 1.3424e-06 1.55024e-06 1.78381e-06 2.04597e-06 2.33992e-06 2.66924e-06 3.03784e-06 3.45003e-06 3.91047e-06 4.42422e-06 4.9967e-06 5.63366e-06 6.34124e-06 7.12587e-06 7.99429e-06 8.95353e-06 1.00108e-05 1.11729e-05 1.2444e-05 1.3814e-05 1.52266e-05 1.65141e-05 1.73564e-05
