0 0.00287123
1 0.00286712
2 0.00286319
3 0.00285941
4 0.00285575
5 0.0028522
6 0.00284874
7 0.00284536
8 0.00284205
9 0.0028388
10 0.00283561
11 0.00283246
12 0.00282936
13 0.0028263
14 0.00282327
15 0.00282028
16 0.00281732
17 0.00281438
18 0.00281147
19 0.00280859
20 0.00280573
21 0.00280289
22 0.00280007
23 0.00279727
24 0.00279448
25 0.00279172
26 0.00278897
27 0.00278624
28 0.00278352
29 0.00278082
30 0.00277813
31 0.00277546
32 0.0027728
33 0.00277016
34 0.00276753
35 0.00276491
36 0.00276231
37 0.00275972
38 0.00275715
39 0.00275458
40 0.00275204
41 0.0027495
42 0.00274698
43 0.00274447
44 0.00274197
45 0.00273949
46 0.00273702
47 0.00273456
48 0.00273212
49 0.00272969
50 0.00272727
51 0.00272487
52 0.00272248
53 0.0027201
54 0.00271774
55 0.0027154
56 0.00271307
57 0.00271075
58 0.00270845
59 0.00270616
60 0.00270389
61 0.00270163
62 0.00269939
63 0.00269716
64 0.00269495
65 0.00269275
66 0.00269057
67 0.00268841
68 0.00268626
69 0.00268413
70 0.00268202
71 0.00267992
72 0.00267784
73 0.00267578
74 0.00267373
75 0.00267171
76 0.0026697
77 0.0026677
78 0.00266573
79 0.00266378
80 0.00266184
81 0.00265992
82 0.00265802
83 0.00265614
84 0.00265428
85 0.00265244
86 0.00265062
87 0.00264881
88 0.00264703
89 0.00264527
90 0.00264352
91 0.0026418
92 0.0026401
93 0.00263842
94 0.00263675
95 0.00263511
96 0.00263349
97 0.00263189
98 0.00263032
99 0.00262876
100 0.00262722
101 0.00262571
102 0.00262422
103 0.00262274
104 0.00262129
105 0.00261986
106 0.00261845
107 0.00261706
108 0.0026157
109 0.00261435
110 0.00261302
111 0.00261172
112 0.00261043
113 0.00260917
114 0.00260792
115 0.0026067
116 0.00260549
117 0.00260431
118 0.00260314
119 0.00260199
120 0.00260086
121 0.00259974
122 0.00259864
123 0.00259756
124 0.0025965
125 0.00259545
126 0.00259441
127 0.00259339
128 0.00259238
129 0.00259139
130 0.0025904
131 0.00258943
132 0.00258847
133 0.00258752
134 0.00258657
135 0.00258564
136 0.00258471
137 0.00258379
138 0.00258287
139 0.00258196
140 0.00258105
141 0.00258015
142 0.00257925
143 0.00257835
144 0.00257745
145 0.00257654
146 0.00257564
147 0.00257474
148 0.00257384
149 0.00257293
150 0.00257201
151 0.0025711
152 0.00257017
153 0.00256924
154 0.00256831
155 0.00256737
156 0.00256642
157 0.00256546
158 0.00256449
159 0.00256352
160 0.00256253
161 0.00256154
162 0.00256053
163 0.00255952
164 0.00255849
165 0.00255746
166 0.00255641
167 0.00255535
168 0.00255428
169 0.0025532
170 0.00255211
171 0.00255101
172 0.00254989
173 0.00254877
174 0.00254763
175 0.00254648
176 0.00254532
177 0.00254415
178 0.00254297
179 0.00254178
180 0.00254058
181 0.00253937
182 0.00253815
183 0.00253692
184 0.00253568
185 0.00253444
186 0.00253318
187 0.00253191
188 0.00253064
189 0.00252936
190 0.00252807
191 0.00252678
192 0.00252548
193 0.00252417
194 0.00252285
195 0.00252153
196 0.00252021
197 0.00251887
198 0.00251754
199 0.0025162
200 0.00251485
201 0.0025135
202 0.00251215
203 0.00251079
204 0.00250943
205 0.00250806
206 0.0025067
207 0.00250533
208 0.00250396
209 0.00250258
210 0.00250121
211 0.00249983
212 0.00249845
213 0.00249707
214 0.00249569
215 0.0024943
216 0.00249292
217 0.00249154
218 0.00249015
219 0.00248877
220 0.00248738
221 0.002486
222 0.00248461
223 0.00248323
224 0.00248184
225 0.00248046
226 0.00247908
227 0.00247769
228 0.00247631
229 0.00247493
230 0.00247355
231 0.00247217
232 0.00247079
233 0.00246942
234 0.00246804
235 0.00246666
236 0.00246529
237 0.00246392
238 0.00246255
239 0.00246118
240 0.00245981
241 0.00245844
242 0.00245708
243 0.00245571
244 0.00245435
245 0.00245299
246 0.00245163
247 0.00245027
248 0.00244892
249 0.00244756
250 0.00244621
251 0.00244486
252 0.00244351
253 0.00244216
254 0.00244082
255 0.00243947
256 0.00243813
257 0.00243679
258 0.00243545
259 0.00243411
260 0.00243277
261 0.00243144
262 0.00243011
263 0.00242877
264 0.00242744
265 0.00242611
266 0.00242479
267 0.00242346
268 0.00242214
269 0.00242081
270 0.00241949
271 0.00241817
272 0.00241686
273 0.00241554
274 0.00241422
275 0.00241291
276 0.0024116
277 0.00241028
278 0.00240897
279 0.00240766
280 0.00240636
281 0.00240505
282 0.00240374
283 0.00240244
284 0.00240114
285 0.00239983
286 0.00239853
287 0.00239723
288 0.00239593
289 0.00239464
290 0.00239334
291 0.00239204
292 0.00239075
293 0.00238945
294 0.00238816
295 0.00238686
296 0.00238557
297 0.00238428
298 0.00238299
299 0.0023817
