2.10569 2.01242 1.92815 1.85184 1.78262 1.71973 1.66249 1.61031 1.56269 1.51916 1.47933 1.44283 1.40937 1.37864 1.3504 1.32443 1.30052 1.27849 1.25818 1.23944 1.22213 1.20615 1.19137 1.1777 1.16506 1.15335 1.1425 1.13246 1.12314 1.1145 1.10649 1.09905 1.09215
2.10581 2.01243 1.92816 1.85185 1.78263 1.71974 1.66249 1.61032 1.56269 1.51916 1.47933 1.44284 1.40937 1.37864 1.3504 1.32443 1.30052 1.27849 1.25818 1.23944 1.22213 1.20615 1.19137 1.1777 1.16506 1.15335 1.1425 1.13245 1.12314 1.1145 1.10649 1.09905 1.09199
2.10595 2.01246 1.92817 1.85186 1.78264 1.71974 1.6625 1.61032 1.5627 1.51917 1.47933 1.44284 1.40937 1.37864 1.3504 1.32443 1.30052 1.27849 1.25818 1.23944 1.22213 1.20615 1.19137 1.1777 1.16506 1.15335 1.1425 1.13245 1.12314 1.1145 1.10648 1.09903 1.09179
2.10609 2.01251 1.92819 1.85187 1.78265 1.71975 1.66251 1.61033 1.5627 1.51917 1.47934 1.44285 1.40938 1.37865 1.35041 1.32443 1.30052 1.27849 1.25818 1.23944 1.22213 1.20615 1.19137 1.1777 1.16506 1.15335 1.1425 1.13245 1.12314 1.1145 1.10648 1.09898 1.09155
2.10623 2.01257 1.92821 1.85189 1.78267 1.71977 1.66252 1.61034 1.56271 1.51918 1.47935 1.44285 1.40938 1.37865 1.35041 1.32444 1.30052 1.27849 1.25818 1.23944 1.22213 1.20615 1.19137 1.1777 1.16505 1.15334 1.1425 1.13245 1.12313 1.11449 1.10647 1.0989 1.09127
2.10638 2.01264 1.92824 1.85191 1.78268 1.71978 1.66253 1.61035 1.56272 1.51919 1.47935 1.44286 1.40939 1.37865 1.35041 1.32444 1.30052 1.27849 1.25818 1.23944 1.22213 1.20615 1.19137 1.1777 1.16505 1.15334 1.1425 1.13245 1.12313 1.11449 1.10645 1.0988 1.09097
2.10654 2.01273 1.92828 1.85193 1.7827 1.7198 1.66255 1.61036 1.56273 1.5192 1.47936 1.44287 1.40939 1.37866 1.35042 1.32444 1.30053 1.2785 1.25818 1.23944 1.22213 1.20615 1.19137 1.1777 1.16505 1.15334 1.14249 1.13244 1.12313 1.11448 1.10641 1.09867 1.09064
2.1067 2.01283 1.92832 1.85196 1.78272 1.71982 1.66256 1.61038 1.56275 1.51921 1.47937 1.44287 1.4094 1.37867 1.35042 1.32445 1.30053 1.2785 1.25818 1.23944 1.22213 1.20615 1.19137 1.1777 1.16505 1.15334 1.14249 1.13244 1.12312 1.11447 1.10637 1.09851 1.09029
2.10686 2.01293 1.92838 1.85199 1.78275 1.71984 1.66258 1.61039 1.56276 1.51922 1.47938 1.44288 1.40941 1.37867 1.35043 1.32445 1.30053 1.2785 1.25818 1.23944 1.22213 1.20615 1.19137 1.1777 1.16505 1.15334 1.14249 1.13244 1.12312 1.11445 1.1063 1.09832 1.08993
2.10703 2.01305 1.92844 1.85203 1.78277 1.71986 1.6626 1.61041 1.56277 1.51923 1.47939 1.44289 1.40941 1.37868 1.35043 1.32445 1.30054 1.2785 1.25819 1.23944 1.22213 1.20615 1.19137 1.1777 1.16505 1.15333 1.14249 1.13243 1.12311 1.11443 1.10622 1.09811 1.08955
2.1072 2.01318 1.92852 1.85207 1.7828 1.71988 1.66262 1.61043 1.56279 1.51925 1.4794 1.4429 1.40942 1.37869 1.35044 1.32446 1.30054 1.27851 1.25819 1.23944 1.22213 1.20614 1.19136 1.17769 1.16504 1.15333 1.14248 1.13243 1.1231 1.1144 1.10612 1.09787 1.08915
2.10737 2.01331 1.9286 1.85212 1.78283 1.71991 1.66264 1.61045 1.56281 1.51926 1.47942 1.44291 1.40943 1.37869 1.35045 1.32446 1.30055 1.27851 1.25819 1.23944 1.22213 1.20614 1.19136 1.17769 1.16504 1.15333 1.14248 1.13242 1.12309 1.11435 1.106 1.09762 1.08875
2.10755 2.01346 1.92869 1.85217 1.78287 1.71994 1.66267 1.61047 1.56283 1.51928 1.47943 1.44292 1.40944 1.3787 1.35045 1.32447 1.30055 1.27851 1.25819 1.23944 1.22214 1.20614 1.19136 1.17769 1.16504 1.15333 1.14248 1.13242 1.12307 1.1143 1.10586 1.09734 1.08833
2.10755 2.01346 1.92869 1.85217 1.78287 1.71994 1.66267 1.61047 1.56283 1.51928 1.47943 1.44292 1.40944 1.3787 1.35045 1.32447 1.30055 1.27851 1.25819 1.23944 1.22214 1.20614 1.19136 1.17769 1.16504 1.15333 1.14248 1.13242 1.12307 1.1143 1.10586 1.09734 1.08833
