2 2 2.00001 2.00001 2.00002 2.00003 2.00004 2.00007 2.00009 2.00013 2.00018 2.00025 2.00033 2.00044 2.00057 2.00073 2.00092 2.00115 2.00143 2.00176 2.00214 2.00258 2.00309 2.00368 2.00434 2.00509 2.00594 2.00689 2.00794 2.00911 2.01041
2.0099 2.00062 1.9954 1.99735 2.00237 2.00794 2.01332 2.01841 2.02324 2.02784 2.03226 2.03652 2.04064 2.04464 2.04855 2.05237 2.0561 2.05977 2.06339 2.06695 2.07046 2.07394 2.07734 2.08064 2.08371 2.08638 2.08837 2.08932 2.08846 2.08416 2.07382
2.02726 2.01518 1.99566 1.98298 1.98228 1.99021 2.00191 2.01446 2.02666 2.0382 2.04905 2.05927 2.06894 2.07813 2.08689 2.09525 2.10324 2.11085 2.11804 2.12473 2.13083 2.13626 2.14092 2.14475 2.14771 2.14961 2.14998 2.14784 2.14184 2.13082 2.11477
2.05263 2.04553 2.02494 2.00053 1.98303 1.97827 1.9853 1.99976 2.01749 2.0359 2.05379 2.07071 2.08653 2.10123 2.11484 2.12735 2.13876 2.1491 2.15839 2.16669 2.17406 2.18056 2.18619 2.19078 2.19397 2.1951 2.19326 2.18761 2.17774 2.16401 2.14745
2.08475 2.08395 2.06933 2.04546 2.01951 1.99952 1.99099 1.99485 2.00831 2.02735 2.04861 2.06994 2.09026 2.10912 2.12641 2.14218 2.15656 2.16967 2.18163 2.19251 2.20231 2.21092 2.21806 2.22326 2.22593 2.22542 2.22131 2.21356 2.20262 2.18926 2.17422
2.12138 2.12614 2.11823 2.09982 2.07461 2.04791 2.02576 2.01304 2.01175 2.02077 2.03716 2.05766 2.07972 2.10172 2.12281 2.14262 2.16102 2.17799 2.19352 2.20752 2.2198 2.23008 2.23792 2.24289 2.2446 2.24292 2.23799 2.23028 2.22038 2.20884 2.196
2.15661 2.16498 2.16212 2.1492 2.12816 2.10198 2.07471 2.05101 2.03508 2.02938 2.03404 2.04726 2.06633 2.08859 2.11199 2.13516 2.15727 2.17783 2.19651 2.213 2.227 2.23816 2.2462 2.25096 2.25248 2.25101 2.24698 2.24087 2.23312 2.22399 2.21362
2.18372 2.19422 2.1955 2.18804 2.17285 2.15154 2.1264 2.10047 2.07731 2.06038 2.05217 2.05352 2.0636 2.08042 2.10154 2.12471 2.14814 2.17055 2.19103 2.20899 2.22399 2.2358 2.24437 2.24982 2.25244 2.25262 2.25076 2.24719 2.24212 2.23566 2.22785
2.20333 2.21578 2.22109 2.21928 2.21069 2.19605 2.17654 2.15387 2.13033 2.10864 2.09162 2.08159 2.07978 2.08606 2.09911 2.11691 2.13726 2.15822 2.17827 2.19637 2.2119 2.2246 2.23449 2.24178 2.24674 2.24967 2.25081 2.25032 2.24826 2.24463 2.23943
2.21992 2.23441 2.24331 2.24651 2.24403 2.23604 2.22306 2.20591 2.18586 2.16461 2.14425 2.12702 2.11494 2.10935 2.11058 2.11799 2.13014 2.14527 2.1617 2.17803 2.1933 2.20698 2.21882 2.22878 2.23694 2.24333 2.24801 2.25096 2.25214 2.2515 2.249
2.23607 2.25249 2.26433 2.27154 2.27404 2.27181 2.26492 2.25369 2.23866 2.2207 2.20103 2.18117 2.16286 2.14778 2.13734 2.13231 2.13277 2.13813 2.14735 2.1592 2.17252 2.18634 2.19992 2.21272 2.22436 2.23454 2.24305 2.24969 2.25432 2.25681 2.25707
2.25244 2.27057 2.2848 2.29512 2.30147 2.30378 2.30196 2.296 2.28603 2.27233 2.25544 2.23615 2.21557 2.19507 2.1762 2.16046 2.14914 2.14306 2.14242 2.14687 2.15558 2.16745 2.18129 2.19602 2.21066 2.22445 2.2368 2.24724 2.25544 2.26116 2.26422
2.26901 2.28859 2.30473 2.31744 2.32668 2.33236 2.33437 2.33256 2.32685 2.31719 2.3037 2.28669 2.26671 2.24464 2.22168 2.19935 2.17933 2.16328 2.15252 2.14783 2.14928 2.15628 2.16773 2.18225 2.19841 2.21489 2.23059 2.24463 2.25636 2.26529 2.27111
