0 0.00163627
1 0.00158718
2 0.00153961
3 0.0014935
4 0.00144881
5 0.00140549
6 0.00136351
7 0.00132282
8 0.00128337
9 0.00124514
10 0.00120808
11 0.00117216
12 0.00113734
13 0.00110358
14 0.00107086
15 0.00103914
16 0.00100839
17 0.000978576
18 0.000949676
19 0.000921658
20 0.000894495
21 0.00086816
22 0.000842628
23 0.000817874
24 0.000793874
25 0.000770604
26 0.000748042
27 0.000726165
28 0.000704954
29 0.000684386
30 0.000664443
31 0.000645104
32 0.000626352
33 0.000608168
34 0.000590534
35 0.000573435
36 0.000556852
37 0.000540771
38 0.000525176
39 0.000510052
40 0.000495384
41 0.000481159
42 0.000467362
43 0.000453982
44 0.000441004
45 0.000428417
46 0.000416208
47 0.000404366
48 0.00039288
49 0.000381739
50 0.000370933
51 0.00036045
52 0.000350281
53 0.000340417
54 0.000330849
55 0.000321566
56 0.000312561
57 0.000303825
58 0.00029535
59 0.000287128
60 0.000279151
61 0.000271411
62 0.000263902
63 0.000256617
64 0.000249548
65 0.000242689
66 0.000236034
67 0.000229576
68 0.00022331
69 0.00022096
70 0.000218997
71 0.000217016
72 0.000215021
73 0.000213011
74 0.00021099
75 0.000208959
76 0.000206919
77 0.000204873
78 0.000202821
79 0.000200765
80 0.000198707
81 0.000196648
82 0.000194588
83 0.00019253
84 0.000190474
85 0.000188421
86 0.000186373
87 0.000184329
88 0.000182292
89 0.000180262
90 0.000178239
91 0.000176225
92 0.00017422
93 0.000172225
94 0.00017024
95 0.000168266
96 0.000166303
97 0.000164353
98 0.000162415
99 0.00016049
100 0.000158579
101 0.000156681
102 0.000154798
103 0.000152928
104 0.000151074
105 0.000149235
106 0.000147411
107 0.000145602
108 0.000143809
109 0.000142033
110 0.000140272
111 0.000138527
112 0.0001368
113 0.000135088
114 0.000133393
115 0.000131715
116 0.000130054
117 0.00012841
118 0.000126782
119 0.000125172
120 0.000123579
121 0.000122002
122 0.000120443
123 0.000118901
124 0.000117375
125 0.000115867
126 0.000114376
127 0.000112901
128 0.000111444
129 0.000110003
130 0.000108597
131 0.000107268
132 0.000105954
133 0.000104654
134 0.000103368
135 0.000102096
136 0.000100839
137 9.96553e-05
138 9.84899e-05
139 9.73367e-05
140 9.61958e-05
141 9.5067e-05
142 9.39504e-05
143 9.28501e-05
144 9.18111e-05
145 9.07827e-05
146 8.97647e-05
147 8.87572e-05
148 8.77601e-05
149 8.67733e-05
150 8.57968e-05
151 8.48622e-05
152 8.39495e-05
153 8.30458e-05
154 8.21511e-05
155 8.12654e-05
156 8.03885e-05
157 7.95204e-05
158 7.86612e-05
159 7.7838e-05
160 7.70317e-05
161 7.62332e-05
162 7.54423e-05
163 7.46592e-05
164 7.38836e-05
165 7.31156e-05
166 7.23551e-05
167 7.16058e-05
168 7.08898e-05
169 7.01805e-05
170 6.94777e-05
171 6.87816e-05
172 6.80921e-05
173 6.74091e-05
174 6.67325e-05
175 6.60624e-05
176 6.53988e-05
177 6.47584e-05
178 6.4131e-05
179 6.35093e-05
180 6.28933e-05
181 6.2283e-05
182 6.16782e-05
183 6.1079e-05
184 6.04854e-05
185 5.98973e-05
186 5.93146e-05
187 5.87437e-05
188 5.8191e-05
189 5.76432e-05
190 5.71003e-05
191 5.65622e-05
192 5.60289e-05
193 5.55004e-05
194 5.49767e-05
195 5.44577e-05
196 5.39434e-05
197 5.34338e-05
198 5.29288e-05
199 5.24395e-05
200 5.19586e-05
201 5.14818e-05
202 5.10092e-05
203 5.05408e-05
204 5.00764e-05
205 4.96162e-05
206 4.91599e-05
207 4.87077e-05
208 4.82595e-05
209 4.78153e-05
210 4.7375e-05
211 4.69387e-05
212 4.65123e-05
213 4.60952e-05
214 4.56817e-05
215 4.52717e-05
216 4.48652e-05
217 4.44622e-05
218 4.40627e-05
219 4.36666e-05
220 4.32739e-05
221 4.28846e-05
222 4.24987e-05
223 4.21161e-05
224 4.17369e-05
225 4.13609e-05
226 4.09883e-05
227 4.06198e-05
228 4.02623e-05
229 3.99078e-05
230 3.95563e-05
231 3.92077e-05
232 3.88621e-05
233 3.85193e-05
234 3.81795e-05
235 3.78426e-05
236 3.75085e-05
237 3.71773e-05
238 3.68489e-05
239 3.65232e-05
