1.87646e-12 4.0521e-11 5.38347e-10 4.42239e-09 2.26332e-08 7.29421e-08 1.50101e-07 2.00349e-07 1.75949e-07 1.02543e-07 3.96713e-08 1.01189e-08 1.68441e-09 1.81162e-10 1.24884e-11 5.48616e-13
5.62392e-11 1.21287e-09 1.60804e-08 1.31705e-07 6.71377e-07 2.15297e-06 4.40498e-06 5.84485e-06 5.1065e-06 2.96556e-06 1.14563e-06 2.92336e-07 4.87464e-08 5.25537e-09 3.63227e-10 1.59972e-11
1.00748e-09 2.17293e-08 2.88114e-07 2.36019e-06 1.20362e-05 3.86314e-05 7.91685e-05 0.000105326 9.23709e-05 5.38991e-05 2.09311e-05 5.36899e-06 8.99597e-07 9.74022e-08 6.75708e-09 2.98548e-10
1.06076e-08 2.29218e-07 3.04807e-06 2.50763e-05 0.000128673 0.000416556 0.000863469 0.00116505 0.00103793 0.000615201 0.000242271 6.28604e-05 1.06268e-05 1.15848e-06 8.07929e-08 3.58462e-09
6.36286e-08 1.38191e-06 1.85179e-05 0.000154056 0.000802956 0.00265459 0.00565064 0.00786299 0.00723449 0.00441842 0.00178399 0.000471822 8.08868e-05 8.90764e-06 6.25883e-07 2.79277e-08
2.02371e-07 4.45167e-06 6.07926e-05 0.000519405 0.00280601 0.0097102 0.0218173 0.0321797 0.031322 0.0200858 0.00842793 0.00229325 0.000401243 4.48398e-05 3.18488e-06 1.43291e-07
2.75857e-07 6.33364e-06 9.17392e-05 0.000846078 0.00501805 0.0193072 0.0484524 0.0793813 0.0846291 0.0583737 0.0258834 0.00733516 0.00132239 0.000151131 1.09213e-05 4.9809e-07
8.7767e-08 2.55411e-06 4.75011e-05 0.000563319 0.00424971 0.0203474 0.0616982 0.118257 0.143043 0.109045 0.0523297 0.0157938 0.00299559 0.000356826 2.66795e-05 1.25158e-06
3.61379e-09 1.86125e-07 5.83173e-06 0.00011104 0.00128395 0.00901185 0.0383842 0.0991939 0.15551 0.147892 0.0853135 0.0298516 0.00633556 0.000815576 6.368e-05 3.01577e-06
2.19187e-09 1.12891e-07 3.53712e-06 6.73489e-05 0.000778754 0.00546596 0.0232812 0.0601641 0.0943218 0.0897009 0.0517452 0.0181059 0.00384271 0.000494672 3.86239e-05 1.82916e-06
8.06345e-10 4.15302e-08 1.30124e-06 2.47763e-05 0.000286488 0.00201081 0.00856468 0.0221331 0.0346991 0.0329991 0.019036 0.00666079 0.00141365 0.00018198 1.42089e-05 6.72909e-07
1.7992e-10 9.26664e-09 2.90345e-07 5.52833e-06 6.3924e-05 0.000448673 0.00191104 0.00493857 0.00774241 0.0073631 0.00424751 0.00148622 0.000315429 4.06051e-05 3.17044e-06 1.50146e-07
2.43495e-11 1.2541e-09 3.92939e-08 7.48179e-07 8.65117e-06 6.07213e-05 0.000258631 0.000668363 0.00104782 0.000996487 0.000574838 0.000201138 4.26887e-05 5.49531e-06 4.29072e-07 2.03201e-08
1.99873e-12 1.02943e-10 3.22544e-09 6.14143e-08 7.10132e-07 4.98431e-06 2.12297e-05 5.48626e-05 8.60104e-05 8.17966e-05 4.71855e-05 1.65104e-05 3.5041e-06 4.51082e-07 3.52204e-08 1.66797e-09
9.95109e-14 5.12523e-12 1.60585e-10 3.05764e-09 3.53554e-08 2.48154e-07 1.05697e-06 2.73145e-06 4.2822e-06 4.07241e-06 2.34923e-06 8.22007e-07 1.74459e-07 2.24581e-08 1.75352e-09 8.30436e-11
3.00497e-15 1.54769e-13 4.84925e-12 9.23326e-11 1.06764e-09 7.49361e-09 3.19176e-08 8.24825e-08 1.29311e-07 1.22976e-07 7.09406e-08 2.48225e-08 5.2682e-09 6.78175e-10 5.29517e-11 2.5077e-12
