2.34656e-12 5.00738e-11 6.53621e-10 5.22958e-09 2.57291e-08 7.82079e-08 1.47847e-07 1.75351e-07 1.31874e-07 6.3616e-08 1.98886e-08 4.05686e-09 5.4079e-10 4.69681e-11 2.64255e-12 9.57159e-14
7.33944e-11 1.56486e-09 2.03961e-08 1.62822e-07 7.98534e-07 2.4168e-06 4.54289e-06 5.34929e-06 3.98823e-06 1.90524e-06 5.89684e-07 1.1916e-07 1.57597e-08 1.36055e-09 7.62257e-11 2.75317e-12
1.38839e-09 2.95957e-08 3.85588e-07 3.07623e-06 1.50733e-05 4.55646e-05 8.55101e-05 0.000100482 7.47294e-05 3.55988e-05 1.09858e-05 2.21382e-06 2.9211e-07 2.51732e-08 1.40855e-09 5.08314e-11
1.57544e-08 3.35998e-07 4.38122e-06 3.4997e-05 0.000171785 0.000520528 0.000979981 0.00115627 0.00086422 0.000414034 0.000128534 2.60486e-05 3.45367e-06 2.98737e-07 1.676e-08 6.05905e-10
1.05745e-07 2.25888e-06 2.95345e-05 0.000236873 0.00116931 0.00357045 0.00678999 0.00811391 0.00615754 0.00300065 0.000947949 0.000195254 2.6243e-05 2.29376e-06 1.29644e-07 4.7106e-09
4.0696e-07 8.72798e-06 0.000114869 0.000930186 0.0046533 0.0144617 0.0281289 0.0345513 0.0270651 0.0136446 0.00445662 0.000945705 0.000130232 1.15933e-05 6.63867e-07 2.43412e-08
8.17569e-07 1.77419e-05 0.000237844 0.00197662 0.0102332 0.0332079 0.0680323 0.0886413 0.0739337 0.0396572 0.0137062 0.00305043 0.000436125 3.99295e-05 2.33385e-06 8.68663e-08
5.87714e-07 1.35992e-05 0.000198325 0.0018259 0.0106298 0.0391853 0.0915599 0.135674 0.127509 0.0759854 0.0287005 0.00686777 0.0010407 9.98347e-05 6.06158e-06 2.3291e-07
2.3291e-07 6.06158e-06 9.98347e-05 0.0010407 0.00686777 0.0287005 0.0759854 0.127509 0.135674 0.0915599 0.0391853 0.0106298 0.0018259 0.000198325 1.35992e-05 5.87714e-07
8.68663e-08 2.33385e-06 3.99295e-05 0.000436125 0.00305043 0.0137062 0.0396572 0.0739337 0.0886413 0.0680323 0.0332079 0.0102332 0.00197662 0.000237844 1.77419e-05 8.17569e-07
2.43412e-08 6.63867e-07 1.15933e-05 0.000130232 0.000945705 0.00445662 0.0136446 0.0270651 0.0345513 0.0281289 0.0144617 0.0046533 0.000930186 0.000114869 8.72798e-06 4.0696e-07
4.7106e-09 1.29644e-07 2.29376e-06 2.6243e-05 0.000195254 0.000947949 0.00300065 0.00615754 0.00811391 0.00678999 0.00357045 0.00116931 0.000236873 2.95345e-05 2.25888e-06 1.05745e-07
6.05905e-10 1.676e-08 2.98737e-07 3.45367e-06 2.60486e-05 0.000128534 0.000414034 0.00086422 0.00115627 0.000979981 0.000520528 0.000171785 3.4997e-05 4.38122e-06 3.35998e-07 1.57544e-08
5.08314e-11 1.40855e-09 2.51732e-08 2.9211e-07 2.21382e-06 1.09858e-05 3.55988e-05 7.47294e-05 0.000100482 8.55101e-05 4.55646e-05 1.50733e-05 3.07623e-06 3.85588e-07 2.95957e-08 1.38839e-09
2.75317e-12 7.62257e-11 1.36055e-09 1.57597e-08 1.1916e-07 5.89684e-07 1.90524e-06 3.98823e-06 5.34929e-06 4.54289e-06 2.4168e-06 7.98534e-07 1.62822e-07 2.03961e-08 1.56486e-09 7.33944e-11
9.57159e-14 2.64255e-12 4.69681e-11 5.4079e-10 4.05686e-09 1.98886e-08 6.3616e-08 1.31874e-07 1.75351e-07 1.47847e-07 7.82079e-08 2.57291e-08 5.22958e-09 6.53621e-10 5.00738e-11 2.34656e-12
