-1.07567e-17 -1.07567e-17 -1.07567e-17 -1.07567e-17 -1.07567e-17 -1.07567e-17 -1.07567e-17 -1.07567e-17 -1.07567e-17 -1.07567e-17 -1.07567e-17 -1.07567e-17 -1.07567e-17 -1.07567e-17 -1.07567e-17 -1.07567e-17 -1.07567e-17 -1.07567e-17 -1.07567e-17 -1.07567e-17 -1.07567e-17 -1.07567e-17 -1.07567e-17 -1.07567e-17 -1.07567e-17 -1.07567e-17 -1.07567e-17 -1.07567e-17 -1.07567e-17 -1.07567e-17 -1.07567e-17
-0.00236137 -0.00306799 -0.00258274 -0.00169656 -0.000913936 -0.000395514 -0.000113005 1.75341e-05 6.9261e-05 8.69227e-05 9.21302e-05 9.3457e-05 9.37491e-05 9.38045e-05 9.38136e-05 9.3815e-05 9.38164e-05 9.38253e-05 9.388e-05 9.4168e-05 9.54754e-05 0.000100602 0.000117977 0.000168829 0.000297083 0.000574501 0.00108327 0.00185032 0.00271479 0.00317211 0.00242665
-0.00314475 -0.00558608 -0.00691086 -0.00706747 -0.00635409 -0.00518126 -0.00388797 -0.00268858 -0.00169209 -0.000934278 -0.000403351 -6.01537e-05 0.000144802 0.00025874 0.000320071 0.000357766 0.000394928 0.000454398 0.000564362 0.000761927 0.00109262 0.00160417 0.00233441 0.00329488 0.00445086 0.00569551 0.00681673 0.00747598 0.00725889 0.00585694 0.00330538
-0.00328128 -0.00632918 -0.00886487 -0.0105725 -0.011296 -0.011105 -0.0102285 -0.00893684 -0.00745798 -0.00595043 -0.00451234 -0.00319854 -0.00203209 -0.00100907 -0.000101275 0.000739085 0.00157103 0.00245397 0.00343683 0.00454978 0.00579941 0.00716581 0.00859738 0.00999878 0.0112131 0.0120123 0.0121224 0.0113069 0.00948411 0.00679568 0.00354416
-0.00328312 -0.00647174 -0.00947471 -0.0120728 -0.0140173 -0.0151274 -0.0153593 -0.0148053 -0.0136377 -0.0120392 -0.010158 -0.00809423 -0.00590923 -0.00364188 -0.00132281 0.00101797 0.00334936 0.00564082 0.00786405 0.00999097 0.0119857 0.0137898 0.0153055 0.0163856 0.016846 0.01651 0.015277 0.01318 0.0103879 0.00713943 0.00364722
-0.003191 -0.00629616 -0.00932383 -0.0121486 -0.0145877 -0.0164276 -0.0174828 -0.0176542 -0.0169542 -0.0154899 -0.0134205 -0.0109122 -0.00810899 -0.00512138 -0.00202914 0.00110953 0.00424699 0.00733527 0.0103152 0.0131056 0.0155939 0.0176336 0.0190549 0.0196937 0.0194361 0.0182611 0.0162584 0.0136049 0.0105078 0.00714654 0.00364669
-0.00269839 -0.00524958 -0.00782632 -0.0103005 -0.012547 -0.0144189 -0.0157522 -0.0163966 -0.0162555 -0.0153128 -0.0136338 -0.0113424 -0.00858808 -0.00551594 -0.00225079 0.00110523 0.00446396 0.00773689 0.0108208 0.0135888 0.015892 0.0175755 0.0185075 0.0186125 0.0178953 0.0164411 0.0143903 0.0119005 0.00911603 0.0061656 0.00318837
-0.0016535 -0.00301362 -0.0046768 -0.00647324 -0.00826105 -0.00991299 -0.0112979 -0.0122753 -0.0127089 -0.0124931 -0.011578 -0.00998123 -0.00778305 -0.00510903 -0.00210956 0.00105546 0.00422393 0.00723317 0.00992136 0.0121346 0.0137418 0.0146554 0.0148484 0.0143607 0.013288 0.0117582 0.00990665 0.00786432 0.00576503 0.00376648 0.00206497
-0.000596632 -0.000588653 -0.00109189 -0.00199961 -0.00316967 -0.00445589 -0.00571759 -0.00681642 -0.00761392 -0.00797894 -0.0078054 -0.00703392 -0.00566847 -0.00378175 -0.00150834 0.000971578 0.0034535 0.0057318 0.00762296 0.00898696 0.00974392 0.00988161 0.00945103 0.00855105 0.00730822 0.00586053 0.00435164 0.00293465 0.00177587 0.00104365 0.000871905
6.34086e-05 0.00111696 0.00171166 0.00182203 0.00149784 0.00084148 -1.89412e-05 -0.000948274 -0.00181334 -0.00248799 -0.00286114 -0.00285054 -0.00241984 -0.00159227 -0.000454579 0.000852732 0.00215775 0.00328718 0.0040966 0.00449343 0.0044477 0.00398942 0.00319634 0.0021785 0.00106585 1.39406e-06 -0.00086362 -0.00137991 -0.00142229 -0.000921988 0.00010461
0.000403606 0.00210325 0.00351632 0.00454826 0.00514838 0.00532231 0.00512583 0.00464766 0.0039908 0.00325786 0.00254077 0.00191252 0.0014191 0.00107262 0.000848671 0.000690932 0.000523925 0.000271204 -0.000126152 -0.000695917 -0.00142877 -0.00227946 -0.00317223 -0.00400767 -0.00467058 -0.00504103 -0.00501125 -0.00450793 -0.0035137 -0.00207658 -0.000297988
0.00059962 0.00269166 0.00463448 0.00633953 0.00771732 0.00869894 0.00925041 0.00937506 0.00910555 0.00849149 0.00758806 0.006449 0.0051239 0.00365827 0.00209468 0.000474017 -0.00116365 -0.00277804 -0.00432756 -0.00576757 -0.00704831 -0.00811283 -0.00889637 -0.00932938 -0.00934594 -0.00889747 -0.00796822 -0.00658585 -0.0048204 -0.00276894 -0.000531028
0.000738867 0.00309407 0.00536752 0.00749667 0.00939742 0.0109742 0.0121347 0.0128039 0.0129326 0.0124997 0.0115116 0.00999943 0.00801923 0.0056516 0.00300106 0.000191997 -0.00263915 -0.00535425 -0.00782389 -0.0099351 -0.0115956 -0.0127351 -0.0133064 -0.0132875 -0.0126861 -0.0115425 -0.0099289 -0.00794062 -0.00568058 -0.0032421 -0.000696311
