0 0.000812517
1 0.000809618
2 0.000806939
3 0.000804432
4 0.00080206
5 0.000799799
6 0.000797628
7 0.000795533
8 0.000793501
9 0.000791523
10 0.00078959
11 0.000787695
12 0.000785834
13 0.000784002
14 0.000782195
15 0.00078041
16 0.000778644
17 0.000776895
18 0.000775161
19 0.00077344
20 0.000771731
21 0.000770032
22 0.000768344
23 0.000766664
24 0.000764991
25 0.000763326
26 0.000761667
27 0.000760014
28 0.000758366
29 0.000756723
30 0.000755085
31 0.00075345
32 0.000751819
33 0.000750192
34 0.000748567
35 0.000746946
36 0.000745327
37 0.00074371
38 0.000742096
39 0.000740483
40 0.000738873
41 0.000737264
42 0.000735656
43 0.00073405
44 0.000732445
45 0.000730841
46 0.000729238
47 0.000727636
48 0.000726035
49 0.000724435
50 0.000722835
51 0.000721235
52 0.000719636
53 0.000718038
54 0.000716439
55 0.000714841
56 0.000713244
57 0.000711646
58 0.000710048
59 0.000708451
60 0.000706853
61 0.000705255
62 0.000703658
63 0.00070206
64 0.000700462
65 0.000698863
66 0.000697265
67 0.000695666
68 0.000694067
69 0.000692467
70 0.000690867
71 0.000689267
72 0.000687667
73 0.000686065
74 0.000684464
75 0.000682862
76 0.00068126
77 0.000679657
78 0.000678053
79 0.000676449
80 0.000674845
81 0.00067324
82 0.000671634
83 0.000670028
84 0.000668422
85 0.000666814
86 0.000665207
87 0.000663598
88 0.000661989
89 0.00066038
90 0.00065877
91 0.000657159
92 0.000655548
93 0.000653936
94 0.000652324
95 0.000650711
96 0.000649097
97 0.000647484
98 0.000645869
99 0.000644254
100 0.000642639
101 0.000641023
102 0.000639407
103 0.00063779
104 0.000636173
105 0.000634555
106 0.000632937
107 0.000631319
108 0.0006297
109 0.000628081
110 0.000626462
111 0.000624842
112 0.000623221
113 0.000621601
114 0.00061998
115 0.000618359
116 0.000616737
117 0.000615115
118 0.000613492
119 0.000611869
120 0.000610246
121 0.000608622
122 0.000606997
123 0.000605371
124 0.000603745
125 0.000602118
126 0.000600491
127 0.000598862
128 0.000597232
129 0.000595601
130 0.000593969
131 0.000592336
132 0.000590701
133 0.000589065
134 0.000587428
135 0.000585788
136 0.000584147
137 0.000582504
138 0.000580859
139 0.000579212
140 0.000577563
141 0.000575912
142 0.000574258
143 0.000572602
144 0.000570943
145 0.000569282
146 0.000567618
147 0.000565952
148 0.000564283
149 0.000562611
150 0.000560937
151 0.00055926
152 0.00055758
153 0.000555897
154 0.000554212
155 0.000552524
156 0.000550833
157 0.00054914
158 0.000547444
159 0.000545746
160 0.000544046
161 0.000542343
162 0.000540638
163 0.000538931
164 0.000537222
165 0.000535511
166 0.000533798
167 0.000532084
168 0.000530369
169 0.000528652
170 0.000526934
171 0.000525215
172 0.000523495
173 0.000521774
174 0.000520053
175 0.000518331
176 0.000516609
177 0.000514887
178 0.000513165
179 0.000511442
180 0.000509721
181 0.000507999
182 0.000506278
183 0.000504558
184 0.000502839
185 0.00050112
186 0.000499402
187 0.000497686
188 0.00049597
189 0.000494256
190 0.000492543
191 0.000490832
192 0.000489122
193 0.000487413
194 0.000485707
195 0.000484002
196 0.000482298
197 0.000480597
198 0.000478897
199 0.000477199
200 0.000475503
201 0.000473809
202 0.000472117
203 0.000470427
204 0.000468739
205 0.000467053
206 0.000465369
207 0.000463687
208 0.000462007
209 0.000460329
210 0.000458653
211 0.000456979
212 0.000455307
213 0.000453638
214 0.00045197
215 0.000450304
216 0.000448641
217 0.000446979
218 0.00044532
219 0.000443662
220 0.000442007
221 0.000440354
222 0.000438702
223 0.000437053
224 0.000435405
225 0.00043376
226 0.000432116
227 0.000430475
228 0.000428835
229 0.000427197
230 0.000425562
231 0.000423928
232 0.000422296
233 0.000420666
234 0.000419038
235 0.000417411
236 0.000415787
237 0.000414164
238 0.000412544
239 0.000410925
240 0.000409308
241 0.000407693
242 0.00040608
243 0.000404468
244 0.000402859
245 0.000401251
246 0.000399645
247 0.000398041
248 0.000396439
249 0.000394839
250 0.00039324
251 0.000391643
252 0.000390049
253 0.000388455
254 0.000386864
255 0.000385275
256 0.000383687
257 0.000382101
258 0.000380517
259 0.000378935
260 0.000377354
261 0.000375776
262 0.000374199
263 0.000372624
264 0.000371051
265 0.000369479
266 0.00036791
267 0.000366342
268 0.000364776
269 0.000363212
270 0.00036165
271 0.00036009
272 0.000358531
273 0.000356974
274 0.000355419
275 0.000353866
276 0.000352315
277 0.000350766
278 0.000349218
279 0.000347672
280 0.000346129
281 0.000344587
282 0.000343047
283 0.000341508
284 0.000339972
285 0.000338437
286 0.000336905
287 0.000335374
288 0.000333845
289 0.000332318
290 0.000330793
291 0.00032927
292 0.000327749
293 0.000326229
294 0.000324712
295 0.000323197
296 0.000321683
297 0.000320172
298 0.000318662
299 0.000317154
