0.572808 0.572808 0.572808 0.572808 0.572808 0.572808 0.572808 0.572808 0.572808 0.572808 0.572808 0.572808 0.572808 0.572808 0.572808 0.572808 0.572808 0.572808 0.572808 0.572808 0.572808 0.572808 0.572808 0.572808 0.572808 0.572808 0.572808 0.572808 0.572808 0.572808 0.572808
0.573809 0.572761 0.572462 0.572504 0.572621 0.572714 0.572767 0.572792 0.572802 0.572805 0.572806 0.572806 0.572806 0.572806 0.572806 0.572806 0.572806 0.572806 0.572806 0.572806 0.572806 0.572805 0.572802 0.572792 0.572767 0.572715 0.572624 0.572509 0.57247 0.572773 0.573833
0.576326 0.574222 0.572774 0.57201 0.571766 0.571825 0.572011 0.572222 0.572409 0.572554 0.572656 0.572722 0.572761 0.572782 0.572792 0.572795 0.572793 0.572783 0.572762 0.572724 0.57266 0.572561 0.572421 0.572239 0.572034 0.571853 0.571801 0.57205 0.572825 0.574297 0.576449
0.579196 0.576698 0.574516 0.572826 0.57171 0.571127 0.570948 0.571024 0.571233 0.571492 0.571753 0.571988 0.572182 0.572327 0.572418 0.572451 0.572426 0.572344 0.572208 0.572023 0.571797 0.571547 0.571297 0.571096 0.571027 0.571213 0.571806 0.57294 0.574666 0.57691 0.579508
0.582117 0.579487 0.576987 0.574739 0.572878 0.571495 0.570603 0.57014 0.569995 0.570052 0.570214 0.570411 0.5706 0.570752 0.570854 0.570897 0.57088 0.570803 0.570673 0.570506 0.570325 0.570177 0.570131 0.570285 0.57076 0.571667 0.573077 0.574986 0.577311 0.579925 0.582713
0.58499 0.582307 0.579667 0.577132 0.574791 0.572751 0.571096 0.569865 0.56904 0.568552 0.568312 0.56823 0.568233 0.56827 0.568309 0.568335 0.568343 0.568335 0.568329 0.568354 0.568461 0.568724 0.569234 0.570082 0.571343 0.573041 0.575146 0.57758 0.580247 0.58306 0.58596
0.587487 0.584843 0.58213 0.579418 0.576772 0.574274 0.572011 0.57007 0.568503 0.567323 0.5665 0.565971 0.565661 0.5655 0.565433 0.565424 0.565463 0.56556 0.56575 0.566089 0.566648 0.567504 0.568722 0.570338 0.572346 0.574698 0.577316 0.580117 0.583023 0.585969 0.588881
0.588914 0.586562 0.583966 0.581234 0.578457 0.575715 0.57309 0.570663 0.568513 0.5667 0.565253 0.564166 0.563406 0.56292 0.562658 0.562583 0.562682 0.562968 0.56348 0.564269 0.565391 0.566883 0.568756 0.570988 0.573523 0.57629 0.579207 0.582196 0.585173 0.588037 0.590665
0.588955 0.587096 0.584884 0.582395 0.579723 0.576961 0.574196 0.57151 0.568984 0.566695 0.56471 0.563074 0.561812 0.560926 0.560406 0.56024 0.560424 0.560965 0.561878 0.563174 0.564858 0.566909 0.569287 0.571931 0.574767 0.577716 0.580693 0.583605 0.586346 0.588807 0.590892
0.587962 0.586532 0.584786 0.582719 0.58037 0.577808 0.575116 0.57238 0.569688 0.567127 0.564785 0.562744 0.561078 0.559847 0.559094 0.558847 0.559114 0.559891 0.561156 0.562871 0.564981 0.567417 0.5701 0.572944 0.575861 0.578759 0.581543 0.584116 0.586396 0.588332 0.589923
0.586391 0.585211 0.583817 0.582161 0.580222 0.578016 0.575591 0.573018 0.570386 0.567791 0.565337 0.56313 0.561276 0.559874 0.559002 0.558716 0.559035 0.559945 0.5614 0.563326 0.565628 0.568204 0.570947 0.573751 0.576512 0.579133 0.581531 0.583646 0.585457 0.586982 0.588273
0.584493 0.583434 0.582245 0.580882 0.579307 0.577496 0.575459 0.573234 0.570891 0.568521 0.566234 0.564144 0.562369 0.561017 0.560177 0.559908 0.560236 0.561143 0.562575 0.564449 0.566659 0.569087 0.571613 0.574122 0.576513 0.578709 0.580661 0.582358 0.583823 0.585099 0.586236
0.582371 0.581376 0.580302 0.579128 0.577826 0.576372 0.574758 0.572994 0.571124 0.569216 0.567359 0.565655 0.564206 0.563107 0.562433 0.562235 0.562531 0.563308 0.564519 0.566091 0.56793 0.569928 0.571979 0.573986 0.575874 0.577597 0.579141 0.580517 0.581755 0.582886 0.583937
