2.00537 2.00537 2.00537 2.00537 2.00537 2.00537 2.00537 2.00537 2.00537 2.00537 2.00537 2.00537 2.00537 2.00537 2.00537 2.00537 2.00537 2.00537 2.00537 2.00537 2.00537 2.00537 2.00537 2.00537 2.00537 2.00537 2.00537 2.00537 2.00537 2.00537 2.00537
2.07078 2.08338 2.09019 2.09372 2.09562 2.09664 2.09716 2.09739 2.09749 2.09752 2.09753 2.09753 2.09753 2.09753 2.09753 2.09753 2.09753 2.09753 2.09753 2.09753 2.09753 2.09752 2.09749 2.0974 2.09717 2.09666 2.09565 2.09378 2.0903 2.08354 2.07099
2.11837 2.13857 2.15405 2.16476 2.17177 2.17642 2.17971 2.18217 2.18404 2.18541 2.18635 2.18695 2.18731 2.18751 2.1876 2.18763 2.1876 2.18751 2.18733 2.18698 2.1864 2.18549 2.18418 2.18239 2.18001 2.17683 2.17229 2.16539 2.15479 2.1394 2.11926
2.16169 2.18481 2.2053 2.22226 2.23532 2.24483 2.25161 2.25656 2.26039 2.26353 2.26619 2.26843 2.27022 2.27155 2.27237 2.27268 2.27246 2.27173 2.27051 2.26884 2.26674 2.26423 2.26125 2.25759 2.25282 2.24622 2.23687 2.22396 2.20713 2.18674 2.16367
2.20277 2.22718 2.24998 2.27059 2.28839 2.30295 2.31426 2.32272 2.32895 2.33358 2.3371 2.33983 2.34194 2.3435 2.3445 2.34495 2.34483 2.34415 2.34292 2.34111 2.33867 2.33543 2.33107 2.3251 2.31687 2.30578 2.29142 2.27379 2.25331 2.2306 2.20622
2.24188 2.267 2.2908 2.31304 2.33333 2.35116 2.36613 2.37809 2.38716 2.39375 2.39837 2.40153 2.40367 2.40508 2.40597 2.40643 2.40651 2.40616 2.40527 2.40365 2.40097 2.39681 2.39065 2.38197 2.37037 2.3557 2.33812 2.31804 2.29594 2.27221 2.24711
2.27804 2.30328 2.32722 2.34979 2.37082 2.39002 2.40707 2.42164 2.43357 2.44287 2.44979 2.45471 2.45806 2.46024 2.46156 2.4622 2.46224 2.46161 2.4601 2.45742 2.45315 2.44686 2.43815 2.42678 2.41271 2.39611 2.37728 2.35655 2.33419 2.31038 2.28518
2.30978 2.33468 2.35838 2.38086 2.40207 2.4219 2.44016 2.45661 2.47099 2.48311 2.4929 2.50045 2.50597 2.50974 2.51204 2.51305 2.51284 2.51135 2.50837 2.50363 2.49685 2.4878 2.47639 2.46267 2.44684 2.42913 2.40979 2.38899 2.36684 2.34338 2.31863
2.33739 2.362 2.38554 2.40802 2.42942 2.44969 2.46875 2.48643 2.50253 2.51682 2.52909 2.53919 2.54706 2.55273 2.55627 2.55774 2.55718 2.55455 2.54977 2.54278 2.53353 2.52208 2.50856 2.49319 2.47619 2.45776 2.43805 2.41714 2.39508 2.3719 2.34759
2.36228 2.3868 2.41033 2.43288 2.45445 2.47502 2.49454 2.51293 2.53004 2.54567 2.55959 2.57152 2.5812 2.58842 2.59302 2.5949 2.59402 2.59042 2.58417 2.57543 2.56442 2.55139 2.53658 2.52025 2.50259 2.48374 2.46379 2.44278 2.42074 2.39766 2.37355
2.38535 2.40991 2.43349 2.4561 2.47777 2.49848 2.51823 2.53693 2.55448 2.5707 2.58536 2.59814 2.60871 2.61672 2.62187 2.62397 2.62294 2.61885 2.61187 2.60231 2.5905 2.57677 2.56142 2.5447 2.52677 2.50775 2.48771 2.46667 2.44464 2.4216 2.39753
2.40691 2.43155 2.45519 2.47785 2.49956 2.5203 2.54004 2.55873 2.57624 2.59241 2.60701 2.61973 2.63026 2.63825 2.6434 2.64551 2.64451 2.64046 2.63356 2.62408 2.61237 2.59874 2.58349 2.56685 2.54899 2.53003 2.51004 2.48903 2.46702 2.44398 2.41991
2.4271 2.45178 2.47545 2.49813 2.51979 2.54041 2.55995 2.57831 2.59538 2.61098 2.6249 2.63691 2.64674 2.65415 2.65892 2.66091 2.66006 2.65642 2.65013 2.64138 2.63041 2.61749 2.60286 2.58672 2.56925 2.55056 2.53074 2.50984 2.48788 2.46488 2.44081
