-0.232308 -0.2174 -0.202559 -0.187785 -0.173074 -0.158423 -0.143829 -0.129287 -0.114794 -0.100345 -0.0859355 -0.0715598 -0.0572129 -0.0428891 -0.028583 -0.0142885 -3.61211e-17 0.0142885 0.028583 0.0428891 0.0572129 0.0715598 0.0859355 0.100345 0.114794 0.129287 0.143829 0.158423 0.173074 0.187785 0.202559 0.2174 0.232308
-0.232228 -0.2174 -0.20256 -0.187786 -0.173074 -0.158423 -0.143829 -0.129288 -0.114795 -0.100346 -0.0859358 -0.0715601 -0.0572131 -0.0428893 -0.0285831 -0.0142886 8.38606e-10 0.0142886 0.0285831 0.0428893 0.0572131 0.0715601 0.0859358 0.100346 0.114795 0.129288 0.143829 0.158423 0.173074 0.187786 0.20256 0.2174 0.232228
-0.232142 -0.217395 -0.202561 -0.187786 -0.173075 -0.158424 -0.14383 -0.129288 -0.114795 -0.100346 -0.0859362 -0.0715604 -0.0572133 -0.0428895 -0.0285832 -0.0142886 1.8314e-09 0.0142886 0.0285832 0.0428895 0.0572133 0.0715604 0.0859362 0.100346 0.114795 0.129288 0.14383 0.158424 0.173075 0.187786 0.202561 0.217395 0.232142
-0.23205 -0.217383 -0.202561 -0.187787 -0.173076 -0.158425 -0.14383 -0.129289 -0.114796 -0.100346 -0.0859366 -0.0715607 -0.0572136 -0.0428897 -0.0285833 -0.0142887 2.9797e-09 0.0142887 0.0285833 0.0428897 0.0572136 0.0715607 0.0859366 0.100346 0.114796 0.129289 0.14383 0.158425 0.173076 0.187787 0.202561 0.217383 0.23205
-0.231953 -0.217366 -0.20256 -0.187788 -0.173077 -0.158425 -0.143831 -0.129289 -0.114796 -0.100347 -0.085937 -0.0715611 -0.0572139 -0.0428899 -0.0285835 -0.0142888 4.28482e-09 0.0142888 0.0285835 0.0428899 0.0572139 0.0715611 0.085937 0.100347 0.114796 0.129289 0.143831 0.158425 0.173077 0.187788 0.20256 0.217366 0.231953
-0.231851 -0.217342 -0.202559 -0.187789 -0.173077 -0.158426 -0.143832 -0.12929 -0.114797 -0.100348 -0.0859375 -0.0715615 -0.0572142 -0.0428902 -0.0285836 -0.0142889 5.74806e-09 0.0142889 0.0285836 0.0428902 0.0572142 0.0715615 0.0859375 0.100348 0.114797 0.12929 0.143832 0.158426 0.173077 0.187789 0.202559 0.217342 0.231851
-0.231744 -0.217313 -0.202555 -0.187789 -0.173078 -0.158427 -0.143833 -0.129291 -0.114797 -0.100348 -0.085938 -0.071562 -0.0572146 -0.0428904 -0.0285838 -0.014289 7.37076e-09 0.014289 0.0285838 0.0428905 0.0572146 0.071562 0.0859381 0.100348 0.114797 0.129291 0.143833 0.158427 0.173078 0.187789 0.202555 0.217313 0.231744
-0.231633 -0.217277 -0.20255 -0.18779 -0.173079 -0.158428 -0.143833 -0.129292 -0.114798 -0.100349 -0.0859386 -0.0715625 -0.057215 -0.0428907 -0.028584 -0.0142891 9.15423e-09 0.0142891 0.028584 0.0428908 0.057215 0.0715625 0.0859386 0.100349 0.114798 0.129292 0.143833 0.158428 0.173079 0.18779 0.20255 0.217277 0.231633
-0.231519 -0.217236 -0.202542 -0.18779 -0.17308 -0.158429 -0.143834 -0.129292 -0.114799 -0.10035 -0.0859393 -0.071563 -0.0572154 -0.0428911 -0.0285842 -0.0142892 1.10998e-08 0.0142892 0.0285843 0.0428911 0.0572154 0.071563 0.0859393 0.10035 0.114799 0.129292 0.143834 0.158429 0.17308 0.18779 0.202542 0.217236 0.231519
-0.2314 -0.21719 -0.202532 -0.187789 -0.173081 -0.15843 -0.143835 -0.129293 -0.1148 -0.10035 -0.0859399 -0.0715635 -0.0572159 -0.0428914 -0.0285845 -0.0142893 1.32088e-08 0.0142893 0.0285845 0.0428914 0.0572159 0.0715636 0.08594 0.10035 0.1148 0.129293 0.143835 0.15843 0.173081 0.187789 0.202532 0.21719 0.2314
-0.231279 -0.217138 -0.202519 -0.187788 -0.173082 -0.158431 -0.143837 -0.129294 -0.114801 -0.100351 -0.0859406 -0.0715642 -0.0572164 -0.0428918 -0.0285847 -0.0142894 1.54826e-08 0.0142894 0.0285847 0.0428918 0.0572164 0.0715642 0.0859407 0.100351 0.114801 0.129294 0.143837 0.158431 0.173082 0.187788 0.202519 0.217138 0.231279
-0.231154 -0.21708 -0.202504 -0.187786 -0.173083 -0.158433 -0.143838 -0.129296 -0.114802 -0.100352 -0.0859414 -0.0715648 -0.0572169 -0.0428922 -0.028585 -0.0142895 1.79225e-08 0.0142896 0.028585 0.0428922 0.0572169 0.0715648 0.0859415 0.100352 0.114802 0.129296 0.143838 0.158433 0.173083 0.187786 0.202504 0.21708 0.231154
-0.231027 -0.217018 -0.202485 -0.187783 -0.173084 -0.158434 -0.143839 -0.129297 -0.114803 -0.100353 -0.0859422 -0.0715655 -0.0572174 -0.0428926 -0.0285853 -0.0142897 2.05298e-08 0.0142897 0.0285853 0.0428926 0.0572175 0.0715655 0.0859423 0.100353 0.114803 0.129297 0.143839 0.158434 0.173084 0.187783 0.202485 0.217018 0.231027
-0.230897 -0.216951 -0.202463 -0.187779 -0.173084 -0.158435 -0.14384 -0.129298 -0.114804 -0.100354 -0.0859431 -0.0715662 -0.057218 -0.042893 -0.0285855 -0.0142898 2.33059e-08 0.0142899 0.0285856 0.0428931 0.0572181 0.0715663 0.0859431 0.100354 0.114804 0.129298 0.14384 0.158435 0.173084 0.187779 0.202463 0.216951 0.230897
-0.230765 -0.216879 -0.202437 -0.187773 -0.173084 -0.158436 -0.143842 -0.129299 -0.114805 -0.100355 -0.085944 -0.071567 -0.0572186 -0.0428935 -0.0285859 -0.01429 2.62522e-08 0.01429 0.0285859 0.0428935 0.0572187 0.071567 0.085944 0.100355 0.114805 0.129299 0.143842 0.158436 0.173084 0.187773 0.202437 0.216879 0.230765
-0.23063 -0.216803 -0.202408 -0.187766 -0.173084 -0.158438 -0.143843 -0.1293 -0.114806 -0.100356 -0.0859449 -0.0715678 -0.0572193 -0.042894 -0.0285862 -0.0142901 2.937e-08 0.0142902 0.0285862 0.042894 0.0572193 0.0715678 0.085945 0.100356 0.114806 0.129301 0.143843 0.158438 0.173084 0.187766 0.202408 0.216803 0.23063
-0.230494 -0.216722 -0.202375 -0.187757 -0.173083 -0.158439 -0.143844 -0.129302 -0.114808 -0.100357 -0.0859459 -0.0715686 -0.05722 -0.0428945 -0.0285865 -0.0142903 3.26607e-08 0.0142904 0.0285866 0.0428946 0.05722 0.0715687 0.085946 0.100357 0.114808 0.129302 0.143845 0.158439 0.173084 0.187757 0.202376 0.216723 0.230494
-0.230355 -0.216638 -0.202339 -0.187747 -0.173082 -0.15844 -0.143846 -0.129303 -0.114809 -0.100358 -0.0859469 -0.0715695 -0.0572207 -0.042895 -0.0285869 -0.0142905 3.61255e-08 0.0142906 0.028587 0.0428951 0.0572207 0.0715695 0.085947 0.100358 0.114809 0.129303 0.143846 0.15844 0.173082 0.187747 0.202339 0.216638 0.230356
-0.230215 -0.216549 -0.2023 -0.187734 -0.17308 -0.158441 -0.143847 -0.129305 -0.11481 -0.10036 -0.085948 -0.0715704 -0.0572214 -0.0428956 -0.0285872 -0.0142907 3.9766e-08 0.0142907 0.0285873 0.0428957 0.0572215 0.0715705 0.0859481 0.10036 0.11481 0.129305 0.143848 0.158441 0.17308 0.187735 0.2023 0.216549 0.230216
-0.230074 -0.216456 -0.202256 -0.18772 -0.173077 -0.158442 -0.143849 -0.129306 -0.114812 -0.100361 -0.0859491 -0.0715713 -0.0572222 -0.0428961 -0.0285876 -0.0142909 4.35834e-08 0.0142909 0.0285877 0.0428962 0.0572222 0.0715714 0.0859492 0.100361 0.114812 0.129307 0.143849 0.158442 0.173078 0.18772 0.202256 0.216457 0.230074
-0.229931 -0.21636 -0.202209 -0.187703 -0.173074 -0.158442 -0.14385 -0.129308 -0.114813 -0.100362 -0.0859503 -0.0715723 -0.0572229 -0.0428967 -0.028588 -0.0142911 4.75792e-08 0.0142911 0.0285881 0.0428968 0.057223 0.0715724 0.0859504 0.100362 0.114813 0.129308 0.143851 0.158442 0.173074 0.187704 0.202209 0.216361 0.229931
-0.229786 -0.216261 -0.202158 -0.187684 -0.173069 -0.158442 -0.143852 -0.12931 -0.114815 -0.100364 -0.0859515 -0.0715733 -0.0572238 -0.0428974 -0.0285884 -0.0142913 5.17547e-08 0.0142914 0.0285886 0.0428975 0.0572239 0.0715734 0.0859516 0.100364 0.114815 0.12931 0.143852 0.158442 0.173069 0.187685 0.202158 0.216261 0.229786
-0.22964 -0.216158 -0.202104 -0.187663 -0.173064 -0.158442 -0.143853 -0.129311 -0.114816 -0.100365 -0.0859528 -0.0715744 -0.0572246 -0.042898 -0.0285889 -0.0142915 5.61113e-08 0.0142916 0.028589 0.0428981 0.0572247 0.0715745 0.0859529 0.100365 0.114817 0.129311 0.143854 0.158442 0.173064 0.187663 0.202104 0.216158 0.229641
-0.229494 -0.216052 -0.202046 -0.187639 -0.173057 -0.158442 -0.143855 -0.129313 -0.114818 -0.100367 -0.0859541 -0.0715755 -0.0572255 -0.0428987 -0.0285893 -0.0142917 6.06504e-08 0.0142918 0.0285894 0.0428988 0.0572256 0.0715756 0.0859542 0.100367 0.114818 0.129313 0.143855 0.158442 0.173057 0.187639 0.202046 0.216052 0.229494
-0.229346 -0.215943 -0.201984 -0.187613 -0.173049 -0.158441 -0.143856 -0.129315 -0.11482 -0.100368 -0.0859554 -0.0715766 -0.0572264 -0.0428994 -0.0285898 -0.0142919 6.53733e-08 0.0142921 0.0285899 0.0428995 0.0572266 0.0715767 0.0859555 0.100368 0.11482 0.129315 0.143856 0.158441 0.173049 0.187613 0.201984 0.215943 0.229346
-0.229197 -0.215831 -0.201919 -0.187584 -0.173039 -0.158439 -0.143857 -0.129316 -0.114821 -0.10037 -0.0859568 -0.0715778 -0.0572274 -0.0429001 -0.0285903 -0.0142922 7.02815e-08 0.0142923 0.0285904 0.0429002 0.0572275 0.0715779 0.0859569 0.10037 0.114822 0.129317 0.143857 0.158439 0.173039 0.187584 0.201919 0.215832 0.229197
