-6.02795e-17 -1.99877e-17 -1.00109e-16 4.91234e-17 -6.2093e-17 2.56385e-17 -1.41644e-17 2.90594e-17 -1.04995e-16 -1.30528e-16 1.75222e-16 -1.09893e-16 -1.31467e-17 8.23141e-18 6.30894e-17 3.0501e-17 -6.53569e-17 -5.98926e-17 -1.22648e-16 -1.34435e-16 -9.04051e-17 4.22346e-17 -1.10599e-16 1.32175e-16 1.01744e-16 -4.41512e-17 -4.72901e-17 -7.64885e-17 -5.55832e-17 -1.00489e-16 -2.76109e-17 1.06193e-17 -5.12241e-17
-7.11118e-06 -9.29839e-06 -9.0053e-06 -8.65012e-06 -8.23533e-06 -7.76387e-06 -7.23903e-06 -6.66446e-06 -6.04414e-06 -5.38237e-06 -4.68371e-06 -3.95297e-06 -3.19516e-06 -2.41549e-06 -1.61928e-06 -8.12001e-07 8.38606e-10 8.13678e-07 1.62096e-06 2.41716e-06 3.19684e-06 3.95465e-06 4.68539e-06 5.38405e-06 6.04581e-06 6.66613e-06 7.2407e-06 7.76554e-06 8.23699e-06 8.65177e-06 9.00696e-06 9.30004e-06 7.11284e-06
-2.01079e-05 -1.83762e-05 -1.79786e-05 -1.72695e-05 -1.64414e-05 -1.55001e-05 -1.44523e-05 -1.33052e-05 -1.20667e-05 -1.07456e-05 -9.3507e-06 -7.8918e-06 -6.37887e-06 -4.82227e-06 -3.23268e-06 -1.62097e-06 1.8319e-09 1.62464e-06 3.23634e-06 4.82593e-06 6.38253e-06 7.89546e-06 9.35436e-06 1.07492e-05 1.20704e-05 1.33088e-05 1.44559e-05 1.55037e-05 1.6445e-05 1.72731e-05 1.79822e-05 1.83799e-05 2.01112e-05
-3.8163e-05 -2.80775e-05 -2.69045e-05 -2.58577e-05 -2.46177e-05 -2.32084e-05 -2.16395e-05 -1.99219e-05 -1.80676e-05 -1.60893e-05 -1.40008e-05 -1.18163e-05 -9.55098e-06 -7.22026e-06 -4.84013e-06 -2.42688e-06 2.98125e-09 2.43284e-06 4.84609e-06 7.22622e-06 9.55694e-06 1.18223e-05 1.40067e-05 1.60953e-05 1.80735e-05 1.99278e-05 2.16454e-05 2.32143e-05 2.46237e-05 2.58636e-05 2.69104e-05 2.80833e-05 3.8168e-05
-6.05715e-05 -3.90015e-05 -3.5892e-05 -3.44132e-05 -3.27642e-05 -3.08884e-05 -2.88003e-05 -2.65143e-05 -2.40463e-05 -2.14134e-05 -1.86337e-05 -1.57264e-05 -1.27114e-05 -9.60935e-06 -6.44156e-06 -3.22969e-06 4.28802e-09 3.23827e-06 6.45013e-06 9.61792e-06 1.27199e-05 1.5735e-05 1.86423e-05 2.1422e-05 2.40549e-05 2.65229e-05 2.88088e-05 3.0897e-05 3.27727e-05 3.44217e-05 3.59004e-05 3.90096e-05 6.05782e-05
-8.67313e-05 -5.15585e-05 -4.51184e-05 -4.29518e-05 -4.08802e-05 -3.85399e-05 -3.59345e-05 -3.30822e-05 -3.00029e-05 -2.67177e-05 -2.32494e-05 -1.96219e-05 -1.58599e-05 -1.19894e-05 -8.03691e-06 -4.02937e-06 5.75358e-09 4.04088e-06 8.04841e-06 1.20009e-05 1.58714e-05 1.96334e-05 2.32609e-05 2.67292e-05 3.00143e-05 3.30937e-05 3.5946e-05 3.85514e-05 4.08916e-05 4.29633e-05 4.51297e-05 5.15691e-05 8.67397e-05
-0.000116128 -6.60136e-05 -5.47913e-05 -5.15143e-05 -4.8968e-05 -4.61625e-05 -4.30418e-05 -3.96253e-05 -3.59369e-05 -3.20019e-05 -2.78476e-05 -2.35025e-05 -1.89965e-05 -1.43605e-05 -9.62611e-06 -4.82589e-06 7.37928e-09 4.84065e-06 9.64087e-06 1.43752e-05 1.90113e-05 2.35173e-05 2.78624e-05 3.20167e-05 3.59516e-05 3.96401e-05 4.30565e-05 4.61772e-05 4.89827e-05 5.1529e-05 5.48057e-05 6.60267e-05 0.000116138
-0.000148322 -8.25217e-05 -6.51228e-05 -6.01664e-05 -5.7036e-05 -5.37563e-05 -5.01218e-05 -4.61434e-05 -4.18482e-05 -3.72659e-05 -3.24282e-05 -2.73683e-05 -2.2121e-05 -1.67223e-05 -1.12091e-05 -5.61921e-06 9.1665e-09 5.63754e-06 1.12274e-05 1.67406e-05 2.21393e-05 2.73866e-05 3.24465e-05 3.72842e-05 4.18665e-05 4.61617e-05 5.01401e-05 5.37746e-05 5.70543e-05 6.01845e-05 6.51403e-05 8.25372e-05 0.000148334
-0.000182937 -0.000101155 -7.63126e-05 -6.89951e-05 -6.51014e-05 -6.13228e-05 -5.71745e-05 -5.26361e-05 -4.77365e-05 -4.25094e-05 -3.69909e-05 -3.1219e-05 -2.52333e-05 -1.90748e-05 -1.27858e-05 -6.4093e-06 1.11166e-08 6.43154e-06 1.28081e-05 1.90971e-05 2.52555e-05 3.12412e-05 3.70131e-05 4.25316e-05 4.77587e-05 5.26583e-05 5.71967e-05 6.1345e-05 6.51235e-05 6.9017e-05 7.63335e-05 0.000101173 0.000182951
-0.000219649 -0.000121923 -8.85387e-05 -7.8104e-05 -7.31921e-05 -6.88659e-05 -6.41998e-05 -5.91033e-05 -5.36016e-05 -4.77322e-05 -4.15356e-05 -3.50545e-05 -2.83332e-05 -2.1418e-05 -1.43562e-05 -7.19614e-06 1.3231e-08 7.2226e-06 1.43827e-05 2.14445e-05 2.83597e-05 3.50809e-05 4.15621e-05 4.77587e-05 5.3628e-05 5.91297e-05 6.42262e-05 6.88923e-05 7.32184e-05 7.81298e-05 8.85629e-05 0.000121943 0.000219665
-0.000258182 -0.000144792 -0.000101952 -8.76062e-05 -8.13477e-05 -7.63934e-05 -7.11985e-05 -6.55448e-05 -5.94433e-05 -5.29342e-05 -4.60622e-05 -3.88746e-05 -3.14207e-05 -2.37517e-05 -1.59202e-05 -7.97968e-06 1.55109e-08 8.0107e-06 1.59512e-05 2.37828e-05 3.14517e-05 3.89056e-05 4.60932e-05 5.29652e-05 5.94743e-05 6.55758e-05 7.12294e-05 7.64243e-05 8.13784e-05 8.76361e-05 0.000101979 0.000144815 0.0002582
-0.000298298 -0.000169697 -0.000116673 -9.76196e-05 -8.96186e-05 -8.39178e-05 -7.81723e-05 -7.19605e-05 -6.52614e-05 -5.81151e-05 -5.05704e-05 -4.26791e-05 -3.44956e-05 -2.60759e-05 -1.74777e-05 -8.7599e-06 1.79579e-08 8.79582e-06 1.75137e-05 2.61118e-05 3.45315e-05 4.2715e-05 5.06063e-05 5.8151e-05 6.52973e-05 7.19964e-05 7.82082e-05 8.39536e-05 8.9654e-05 9.76538e-05 0.000116704 0.000169723 0.000298319
-0.000339793 -0.000196551 -0.000132795 -0.000108261 -9.80653e-05 -9.14578e-05 -8.51249e-05 -7.83507e-05 -7.10557e-05 -6.32747e-05 -5.506e-05 -4.64681e-05 -3.75578e-05 -2.83905e-05 -1.90288e-05 -9.53677e-06 2.05732e-08 9.57792e-06 1.90699e-05 2.84316e-05 3.7599e-05 4.65092e-05 5.51011e-05 6.33158e-05 7.10968e-05 7.83918e-05 8.5166e-05 9.14987e-05 9.81056e-05 0.0001083 0.000132829 0.00019658 0.000339816
-0.000382489 -0.000225254 -0.000150383 -0.000119643 -0.000106756 -9.90381e-05 -9.20621e-05 -8.47163e-05 -7.68261e-05 -6.84129e-05 -5.9531e-05 -5.02412e-05 -4.06073e-05 -3.06953e-05 -2.05732e-05 -1.03103e-05 2.33583e-08 1.0357e-05 2.06199e-05 3.0742e-05 4.0654e-05 5.02879e-05 5.95777e-05 6.84596e-05 7.68728e-05 8.4763e-05 9.21087e-05 9.90845e-05 0.000106802 0.000119686 0.00015042 0.000225285 0.000382515
-0.000426236 -0.000255696 -0.000169477 -0.000131868 -0.000115767 -0.00010669 -9.89928e-05 -9.10588e-05 -8.25727e-05 -7.35295e-05 -6.39831e-05 -5.39983e-05 -4.36437e-05 -3.29903e-05 -2.2111e-05 -1.10803e-05 2.63144e-08 1.1133e-05 2.21636e-05 3.30429e-05 4.36964e-05 5.4051e-05 6.40357e-05 7.35821e-05 8.26253e-05 9.11114e-05 9.90453e-05 0.000106742 0.000115817 0.000131915 0.000169518 0.00025573 0.000426264
-0.000470902 -0.000287768 -0.000190095 -0.000145031 -0.000125175 -0.000114453 -0.000105929 -9.73811e-05 -8.82958e-05 -7.86244e-05 -6.84162e-05 -5.77394e-05 -4.66672e-05 -3.52754e-05 -2.36421e-05 -1.1847e-05 2.9443e-08 1.19058e-05 2.3701e-05 3.53343e-05 4.67261e-05 5.77983e-05 6.84751e-05 7.86832e-05 8.83547e-05 9.744e-05 0.000105988 0.000114511 0.000125231 0.000145082 0.000190139 0.000287804 0.000470933
-0.000516373 -0.000321356 -0.000212237 -0.000159211 -0.000135061 -0.000122369 -0.000112888 -0.000103688 -9.39962e-05 -8.36975e-05 -7.28301e-05 -6.14643e-05 -4.96775e-05 -3.75506e-05 -2.51665e-05 -1.26101e-05 3.27455e-08 1.26756e-05 2.5232e-05 3.76161e-05 4.9743e-05 6.15298e-05 7.28956e-05 8.3763e-05 9.40616e-05 0.000103753 0.000112953 0.000122433 0.000135122 0.000159266 0.000212285 0.000321396 0.000516408
-0.000562552 -0.000356351 -0.000235887 -0.000174476 -0.000145504 -0.000130488 -0.00011989 -0.000109984 -9.96751e-05 -8.8749e-05 -7.72248e-05 -6.51729e-05 -5.26746e-05 -3.98157e-05 -2.66841e-05 -1.33698e-05 3.62231e-08 1.34422e-05 2.67565e-05 3.98881e-05 5.27471e-05 6.52453e-05 7.72973e-05 8.88214e-05 9.97475e-05 0.000110056 0.000119961 0.000130559 0.000145571 0.000174536 0.000235938 0.000356394 0.00056259
-0.000609354 -0.000392648 -0.000261015 -0.000190882 -0.000156582 -0.000138865 -0.000126959 -0.00011628 -0.000105335 -9.37791e-05 -8.16002e-05 -6.88649e-05 -5.56583e-05 -4.20706e-05 -2.81948e-05 -1.41259e-05 3.98774e-08 1.42057e-05 2.82746e-05 4.21504e-05 5.57381e-05 6.89447e-05 8.16799e-05 9.38588e-05 0.000105414 0.000116359 0.000127037 0.000138941 0.000156654 0.000190946 0.000261069 0.000392694 0.000609395
-0.000656703 -0.000430146 -0.000287581 -0.000208469 -0.000168368 -0.000147555 -0.000134125 -0.000122585 -0.000110978 -9.87885e-05 -8.59562e-05 -7.25404e-05 -5.86286e-05 -4.43153e-05 -2.96986e-05 -1.48785e-05 4.37095e-08 1.49659e-05 2.9786e-05 4.44027e-05 5.8716e-05 7.26279e-05 8.60436e-05 9.88759e-05 0.000111065 0.000122671 0.00013421 0.000147638 0.000168445 0.000208538 0.000287639 0.000430195 0.000656749
-0.000704537 -0.000468748 -0.000315537 -0.000227267 -0.00018093 -0.000156619 -0.000141421 -0.000128913 -0.00011661 -0.000103778 -9.02929e-05 -7.61993e-05 -6.15853e-05 -4.65497e-05 -3.11954e-05 -1.56275e-05 4.77211e-08 1.57229e-05 3.12909e-05 4.66452e-05 6.16807e-05 7.62947e-05 9.03884e-05 0.000103874 0.000116705 0.000129008 0.000141514 0.000156708 0.000181012 0.000227339 0.000315599 0.000468802 0.000704586
-0.000752799 -0.000508367 -0.00034483 -0.000247291 -0.000194328 -0.000166115 -0.000148884 -0.000135282 -0.000122235 -0.00010875 -9.46107e-05 -7.98414e-05 -6.45283e-05 -4.87738e-05 -3.26853e-05 -1.63728e-05 5.19133e-08 1.64767e-05 3.27891e-05 4.88776e-05 6.46322e-05 7.99453e-05 9.47146e-05 0.000108854 0.000122339 0.000135384 0.000148985 0.00016621 0.000194416 0.000247368 0.000344895 0.000508425 0.000752852
-0.00080144 -0.000548919 -0.000375401 -0.000268549 -0.000208617 -0.000176104 -0.000156555 -0.00014171 -0.000127862 -0.000113706 -9.89101e-05 -8.34669e-05 -6.74577e-05 -5.09874e-05 -3.4168e-05 -1.71146e-05 5.62875e-08 1.72271e-05 3.42806e-05 5.11e-05 6.75703e-05 8.35795e-05 9.90226e-05 0.000113818 0.000127974 0.000141821 0.000156663 0.000176206 0.00020871 0.00026863 0.000375471 0.000548981 0.000801498
-0.000850417 -0.000590327 -0.000407191 -0.000291037 -0.000223843 -0.000186644 -0.000164478 -0.000148222 -0.0001335 -0.000118649 -0.000103192 -8.70758e-05 -7.03733e-05 -5.31905e-05 -3.56436e-05 -1.78526e-05 6.08452e-08 1.79743e-05 3.57653e-05 5.33121e-05 7.0495e-05 8.71975e-05 0.000103313 0.00011877 0.000133621 0.000148341 0.000164593 0.000186753 0.000223941 0.000291122 0.000407265 0.000590392 0.000850479
-0.000899693 -0.000632519 -0.000440137 -0.000314744 -0.000240045 -0.000197793 -0.000172696 -0.000154842 -0.000139161 -0.000123583 -0.000107457 -9.06684e-05 -7.3275e-05 -5.5383e-05 -3.71121e-05 -1.8587e-05 6.55878e-08 1.87182e-05 3.72433e-05 5.55141e-05 7.34062e-05 9.07996e-05 0.000107588 0.000123714 0.000139291 0.00015497 0.000172819 0.000197907 0.000240148 0.000314833 0.000440215 0.000632589 0.00089976
-0.000949235 -0.000675429 -0.000474178 -0.00033965 -0.000257253 -0.000209602 -0.000181258 -0.0001616 -0.000144857 -0.000128514 -0.000111707 -9.42451e-05 -7.61631e-05 -5.75648e-05 -3.85733e-05 -1.93177e-05 7.05165e-08 1.94587e-05 3.87144e-05 5.77059e-05 7.63041e-05 9.43861e-05 0.000111848 0.000128654 0.000144996 0.000161736 0.000181388 0.000209722 0.000257361 0.000339743 0.00047426 0.000675504 0.000949307
