0 0.00301402
1 0.00300506
2 0.00299621
3 0.00298743
4 0.00297871
5 0.00297005
6 0.00296142
7 0.00295282
8 0.00294425
9 0.0029357
10 0.00292716
11 0.00291864
12 0.00291013
13 0.00290163
14 0.00289313
15 0.00288463
16 0.00287614
17 0.00286764
18 0.00285915
19 0.00285066
20 0.00284216
21 0.00283366
22 0.00282516
23 0.00281665
24 0.00280814
25 0.00279963
26 0.00279111
27 0.00278259
28 0.00277406
29 0.00276553
30 0.00275699
31 0.00274845
32 0.0027399
33 0.00273135
34 0.00272279
35 0.00271423
36 0.00270567
37 0.0026971
38 0.00268852
39 0.00267994
40 0.00267136
41 0.00266277
42 0.00265418
43 0.00264558
44 0.00263698
45 0.00262838
46 0.00261977
47 0.00261116
48 0.00260255
49 0.00259393
50 0.00258532
51 0.0025767
52 0.00256807
53 0.00255945
54 0.00255082
55 0.0025422
56 0.00253357
57 0.00252494
58 0.00251631
59 0.00250768
60 0.00249905
61 0.00249042
62 0.00248179
63 0.00247316
64 0.00246453
65 0.0024559
66 0.00244728
67 0.00243865
68 0.00243003
69 0.00242141
70 0.00241279
71 0.00240418
72 0.00239556
73 0.00238695
74 0.00237835
75 0.00236974
76 0.00236114
77 0.00235255
78 0.00234396
79 0.00233537
80 0.00232679
81 0.00231821
82 0.00230964
83 0.00230108
84 0.00229252
85 0.00228397
86 0.00227542
87 0.00226688
88 0.00225835
89 0.00224982
90 0.0022413
91 0.00223279
92 0.00222429
93 0.00221579
94 0.0022073
95 0.00219882
96 0.00219035
97 0.00218189
98 0.00217344
99 0.002165
100 0.00215656
101 0.00214814
102 0.00213973
103 0.00213132
104 0.00212293
105 0.00211455
106 0.00210618
107 0.00209781
108 0.00208946
109 0.00208113
110 0.0020728
111 0.00206448
112 0.00205618
113 0.00204789
114 0.00203961
115 0.00203134
116 0.00202309
117 0.00201485
118 0.00200662
119 0.00199841
120 0.00199021
121 0.00198202
122 0.00197384
123 0.00196568
124 0.00195754
125 0.00194941
126 0.00194129
127 0.00193319
128 0.00192511
129 0.00191704
130 0.00190898
131 0.00190094
132 0.00189292
133 0.00188491
134 0.00187692
135 0.00186895
136 0.00186099
137 0.00185305
138 0.00184513
139 0.00183723
140 0.00182934
141 0.00182147
142 0.00181362
143 0.00180579
144 0.00179797
145 0.00179018
146 0.0017824
147 0.00177465
148 0.00176691
149 0.00175919
150 0.00175149
151 0.00174382
152 0.00173616
153 0.00172852
154 0.0017209
155 0.00171331
156 0.00170573
157 0.00169818
158 0.00169064
159 0.00168313
160 0.00167564
161 0.00166817
162 0.00166072
163 0.00165329
164 0.00164589
165 0.00163851
166 0.00163114
167 0.0016238
168 0.00161649
169 0.00160919
170 0.00160192
171 0.00159467
172 0.00158744
173 0.00158023
174 0.00157304
175 0.00156588
176 0.00155874
177 0.00155162
178 0.00154453
179 0.00153745
180 0.0015304
181 0.00152337
182 0.00151636
183 0.00150937
184 0.00150241
185 0.00149547
186 0.00148855
187 0.00148165
188 0.00147477
189 0.00146791
190 0.00146108
191 0.00145427
192 0.00144747
193 0.0014407
194 0.00143395
195 0.00142722
196 0.00142052
197 0.00141383
198 0.00140716
199 0.00140052
200 0.00139389
201 0.00138728
202 0.0013807
203 0.00137413
204 0.00136759
205 0.00136106
206 0.00135455
207 0.00134807
208 0.0013416
209 0.00133515
210 0.00132872
211 0.00132231
212 0.00131592
213 0.00130954
214 0.00130319
215 0.00129685
216 0.00129053
217 0.00128423
218 0.00127795
219 0.00127168
220 0.00126543
221 0.0012592
222 0.00125299
223 0.0012468
224 0.00124062
225 0.00123446
226 0.00122831
227 0.00122218
228 0.00121607
229 0.00120998
230 0.0012039
231 0.00119783
232 0.00119179
233 0.00118576
234 0.00117974
235 0.00117374
236 0.00116776
237 0.00116179
238 0.00115583
239 0.00114989
240 0.00114397
241 0.00113806
242 0.00113217
243 0.00112629
244 0.00112042
245 0.00111457
246 0.00110874
247 0.00110292
248 0.00109711
249 0.00109132
250 0.00108554
251 0.00107977
252 0.00107402
253 0.00106828
254 0.00106255
255 0.00105684
256 0.00105115
257 0.00104546
258 0.00103979
259 0.00103413
260 0.00102849
261 0.00102285
262 0.00101723
263 0.00101163
264 0.00100603
265 0.00100045
266 0.000994886
267 0.000989331
268 0.000983788
269 0.000978258
270 0.000972741
271 0.000967236
272 0.000961743
273 0.000956263
274 0.000950796
275 0.00094534
276 0.000939897
277 0.000934466
278 0.000929048
279 0.000923642
280 0.000918248
281 0.000912866
282 0.000907497
283 0.000902139
284 0.000896794
285 0.000891462
286 0.000886141
287 0.000880833
288 0.000875537
289 0.000870253
290 0.000864981
291 0.000859722
292 0.000854475
293 0.00084924
294 0.000844018
295 0.000838808
296 0.00083361
297 0.000828425
298 0.000823253
299 0.000818093
