0.666105 0.655773 0.645723 0.636041 0.626806 0.618095 0.60998 0.602528 0.5958 0.589853 0.584735 0.580489 0.577149 0.574744 0.573293 0.572808 0.573293 0.574744 0.577149 0.580489 0.584735 0.589853 0.5958 0.602528 0.60998 0.618095 0.626806 0.636041 0.645723 0.655773 0.666105
0.655456 0.650816 0.644105 0.636017 0.627487 0.61912 0.61121 0.603906 0.597295 0.591445 0.586409 0.582229 0.578942 0.576575 0.575146 0.574669 0.575146 0.576575 0.578942 0.582229 0.586409 0.591445 0.597295 0.603906 0.611211 0.619121 0.62749 0.636022 0.644112 0.650828 0.65548
0.643845 0.641025 0.637397 0.632526 0.6265 0.619785 0.612917 0.606303 0.60019 0.594717 0.58997 0.586008 0.582877 0.580615 0.579247 0.578789 0.579247 0.580615 0.582878 0.58601 0.589974 0.594725 0.600201 0.60632 0.61294 0.619813 0.626533 0.632565 0.637446 0.641097 0.643965
0.633081 0.630852 0.628671 0.626107 0.622797 0.618632 0.613795 0.608642 0.603546 0.598807 0.594624 0.591113 0.588341 0.586342 0.585137 0.584737 0.585145 0.586358 0.588366 0.591148 0.594668 0.598861 0.603608 0.608711 0.613871 0.618713 0.622887 0.626215 0.628814 0.631058 0.633388
0.623693 0.621692 0.620137 0.618802 0.617368 0.615526 0.613097 0.610098 0.606716 0.603225 0.599902 0.59697 0.594581 0.59283 0.591769 0.591422 0.591795 0.59288 0.594653 0.597062 0.600011 0.603346 0.606846 0.610236 0.613244 0.615687 0.617555 0.619037 0.620451 0.622123 0.624285
0.615958 0.614063 0.612793 0.61205 0.611648 0.611333 0.610836 0.609952 0.608607 0.606865 0.604901 0.602936 0.601184 0.599819 0.598961 0.598678 0.598993 0.599881 0.601275 0.603053 0.605042 0.607026 0.608786 0.610152 0.611064 0.611604 0.611985 0.612484 0.613363 0.614812 0.616934
0.609809 0.608022 0.606892 0.606407 0.606492 0.606998 0.607718 0.608419 0.608898 0.609031 0.608802 0.608294 0.607655 0.607051 0.606629 0.606486 0.606656 0.607104 0.607733 0.608397 0.60893 0.609188 0.609089 0.608658 0.608023 0.607395 0.607013 0.607091 0.60778 0.609156 0.611225
0.604721 0.603243 0.602328 0.60204 0.602391 0.603332 0.604747 0.606463 0.608275 0.609982 0.61143 0.612533 0.613285 0.61374 0.613972 0.614047 0.613989 0.613774 0.613338 0.612608 0.611533 0.610126 0.608476 0.606744 0.60514 0.603872 0.603118 0.602992 0.603541 0.604743 0.606517
0.600444 0.599446 0.598945 0.598989 0.599625 0.600865 0.602676 0.604964 0.60758 0.610334 0.613021 0.615448 0.617461 0.618954 0.619869 0.620178 0.619875 0.61897 0.617491 0.615503 0.613115 0.610489 0.607823 0.605328 0.603198 0.601583 0.600574 0.600199 0.60043 0.601204 0.602455
0.597312 0.596718 0.59667 0.597143 0.598142 0.599681 0.601759 0.60434 0.607334 0.610595 0.613927 0.617102 0.619881 0.622044 0.623417 0.623887 0.623418 0.622051 0.619906 0.617164 0.614049 0.610806 0.607669 0.604835 0.602449 0.600594 0.5993 0.598552 0.598322 0.598592 0.599378
0.595702 0.59533 0.59559 0.596416 0.597757 0.599582 0.601865 0.604572 0.60764 0.610956 0.614356 0.617629 0.620532 0.622821 0.624288 0.624795 0.624294 0.622841 0.620584 0.617738 0.614551 0.611271 0.608108 0.605225 0.602726 0.600663 0.59906 0.597929 0.597293 0.597201 0.597721
0.595738 0.595452 0.595837 0.596829 0.598354 0.600333 0.602693 0.605361 0.608256 0.611274 0.614282 0.617118 0.619596 0.621533 0.62277 0.623203 0.622797 0.621596 0.619715 0.617318 0.614594 0.611725 0.608873 0.606161 0.603684 0.601512 0.59971 0.598346 0.597496 0.597239 0.597644
0.597332 0.597056 0.597422 0.598379 0.599849 0.601737 0.603932 0.606322 0.608795 0.611243 0.613559 0.61564 0.617388 0.618715 0.619552 0.619856 0.619614 0.618847 0.617606 0.615963 0.614006 0.611832 0.609537 0.607221 0.604983 0.60293 0.601171 0.599816 0.598965 0.598699 0.599073
