1.68041 1.70796 1.73643 1.76554 1.79495 1.82426 1.85303 1.88076 1.90694 1.93102 1.9525 1.97085 1.98565 1.9965 2.00314 2.00537 2.00314 1.9965 1.98565 1.97085 1.9525 1.93102 1.90694 1.88076 1.85303 1.82426 1.79495 1.76554 1.73643 1.70796 1.68041
1.75447 1.78518 1.81552 1.84621 1.87696 1.90723 1.93658 1.96464 1.99101 2.01521 2.03676 2.05518 2.07002 2.0809 2.08754 2.08977 2.08753 2.08087 2.06997 2.05512 2.03669 2.01512 1.9909 1.96452 1.93644 1.90708 1.87681 1.84607 1.8154 1.78511 1.75447
1.81932 1.85396 1.88727 1.91971 1.95173 1.9834 2.01433 2.04396 2.07165 2.09685 2.11904 2.13782 2.15281 2.16374 2.17038 2.17259 2.17033 2.16365 2.15269 2.13766 2.11886 2.09664 2.07145 2.04377 2.01418 1.98329 1.95169 1.91974 1.8874 1.8542 1.81968
1.88287 1.91966 1.95546 1.99001 2.02335 2.05561 2.08681 2.11673 2.14494 2.17089 2.19403 2.21381 2.22975 2.24145 2.24859 2.25099 2.24858 2.24145 2.22977 2.21385 2.19411 2.17102 2.14512 2.11699 2.08715 2.05604 2.02389 1.99068 1.95627 1.92061 1.88395
1.94582 1.98388 2.02115 2.05731 2.09206 2.12524 2.15676 2.1865 2.2142 2.23951 2.26198 2.28114 2.29656 2.30788 2.31482 2.31721 2.315 2.30823 2.29708 2.28181 2.26279 2.24045 2.21526 2.18768 2.15808 2.12671 2.09369 2.05911 2.02311 1.98596 1.94799
2.00776 2.0466 2.08455 2.12133 2.15663 2.19014 2.22159 2.25077 2.27746 2.30144 2.32243 2.34013 2.35426 2.36457 2.37089 2.37312 2.37121 2.3652 2.35519 2.34136 2.32395 2.30324 2.27954 2.25312 2.22421 2.19303 2.15976 2.12467 2.08804 2.0502 2.0114
2.06709 2.10599 2.14371 2.18005 2.21478 2.24764 2.27838 2.30674 2.33252 2.35552 2.37553 2.39233 2.40571 2.41548 2.42148 2.42362 2.42187 2.41626 2.40689 2.39392 2.37755 2.35799 2.33546 2.31015 2.28224 2.25193 2.21944 2.18501 2.14888 2.11128 2.07242
2.12156 2.15985 2.19679 2.23223 2.26599 2.29791 2.32779 2.35541 2.38056 2.403 2.42253 2.43894 2.45202 2.46158 2.46747 2.4696 2.46793 2.46251 2.45344 2.44088 2.42504 2.40609 2.38425 2.35972 2.33269 2.30335 2.2719 2.23852 2.20338 2.16665 2.12848
2.17083 2.20839 2.2445 2.27902 2.31182 2.34277 2.37172 2.39849 2.42291 2.44476 2.46384 2.47991 2.49276 2.50219 2.50803 2.51018 2.5086 2.50334 2.49453 2.48232 2.46693 2.44855 2.4274 2.40367 2.37755 2.34919 2.31876 2.28639 2.25222 2.2164 2.17907
2.2158 2.25278 2.2881 2.32169 2.35346 2.38331 2.41113 2.43681 2.46022 2.48118 2.49951 2.51499 2.52741 2.53656 2.54227 2.54443 2.543 2.53803 2.52964 2.518 2.50331 2.48577 2.46558 2.44291 2.4179 2.39068 2.36137 2.33006 2.29688 2.26191 2.22522
2.25693 2.29343 2.32801 2.36064 2.39129 2.4199 2.44641 2.47075 2.49284 2.51254 2.52973 2.54423 2.55587 2.56447 2.56988 2.57201 2.57081 2.56633 2.55865 2.54793 2.53432 2.518 2.49911 2.47779 2.45414 2.42826 2.40021 2.37006 2.33787 2.30368 2.26751
2.29423 2.33024 2.36411 2.39579 2.42529 2.45259 2.47766 2.50048 2.52099 2.53914 2.55485 2.56803 2.57858 2.58637 2.59132 2.59336 2.59246 2.58863 2.58192 2.57244 2.56026 2.54549 2.5282 2.50849 2.4864 2.46199 2.43529 2.40632 2.37511 2.34166 2.30599
2.32763 2.36311 2.39623 2.42697 2.45532 2.48127 2.50483 2.52602 2.54484 2.56128 2.57535 2.58704 2.59632 2.60318 2.60758 2.60949 2.6089 2.6058 2.60019 2.59209 2.58152 2.56848 2.55298 2.53502 2.51461 2.49175 2.46643 2.43865 2.40841 2.37571 2.34058
