0 0.000614681
1 0.000611955
2 0.000610407
3 0.000609069
4 0.000607825
5 0.000606576
6 0.000605339
7 0.00060405
8 0.00060276
9 0.000601444
10 0.000600074
11 0.000598651
12 0.000597174
13 0.000595665
14 0.000594136
15 0.000592554
16 0.00059092
17 0.000589235
18 0.000587499
19 0.000585713
20 0.000583878
21 0.000581994
22 0.000580063
23 0.000578086
24 0.000576063
25 0.000574009
26 0.000571929
27 0.000569806
28 0.000567641
29 0.000565435
30 0.00056319
31 0.000560906
32 0.000558584
33 0.000556226
34 0.000553833
35 0.000551405
36 0.000548945
37 0.000546452
38 0.000543928
39 0.000541375
40 0.000538793
41 0.000536183
42 0.000533547
43 0.000530886
44 0.000528199
45 0.00052549
46 0.000522758
47 0.000520006
48 0.000517232
49 0.00051444
50 0.000511629
51 0.000508801
52 0.000505957
53 0.000503098
54 0.000500224
55 0.000497336
56 0.000494436
57 0.000491524
58 0.000488606
59 0.000485687
60 0.000482759
61 0.000479823
62 0.000476878
63 0.000473927
64 0.000470969
65 0.000468006
66 0.000465038
67 0.000462066
68 0.000459091
69 0.000456113
70 0.000453134
71 0.000450153
72 0.000447171
73 0.000444189
74 0.000441208
75 0.000438228
76 0.00043525
77 0.000432274
78 0.000429301
79 0.000426332
80 0.000423366
81 0.000420405
82 0.000417448
83 0.000414497
84 0.000411552
85 0.000408613
86 0.00040568
87 0.000402755
88 0.000399837
89 0.000396927
90 0.000394026
91 0.000391133
92 0.000388249
93 0.000385374
94 0.000382509
95 0.000379654
96 0.00037681
97 0.000373976
98 0.000371152
99 0.00036834
100 0.00036554
101 0.000362751
102 0.000359973
103 0.000357208
104 0.000354456
105 0.000351715
106 0.000348988
107 0.000346274
108 0.000343572
109 0.000340884
110 0.00033821
111 0.000335549
112 0.000332902
113 0.000330269
114 0.00032765
115 0.000325045
116 0.000322455
117 0.000319879
118 0.000317317
119 0.000314771
120 0.000312238
121 0.000309721
122 0.000307219
123 0.000304732
124 0.00030226
125 0.000299802
126 0.000297361
127 0.000294934
128 0.000292523
129 0.000290127
130 0.000287746
131 0.000285381
132 0.000283031
133 0.000280697
134 0.000278378
135 0.000276074
136 0.000273787
137 0.000271514
138 0.000269257
139 0.000267016
140 0.00026479
141 0.00026258
142 0.000260385
143 0.000258206
144 0.000256042
145 0.000253894
146 0.000251761
147 0.000249643
148 0.000247541
149 0.000245454
150 0.000243382
151 0.000241326
152 0.000239285
153 0.000237259
154 0.000235248
155 0.000233252
156 0.000231271
157 0.000229305
158 0.000227354
159 0.000225418
160 0.000223497
161 0.000221591
162 0.000219699
163 0.000217822
164 0.00021596
165 0.000214112
166 0.000212278
167 0.000210459
168 0.000208654
169 0.000206863
170 0.000205087
171 0.000203325
172 0.000201576
173 0.000199842
174 0.000198122
175 0.000196415
176 0.000194722
177 0.000193043
178 0.000191378
179 0.000189727
180 0.000188089
181 0.000186464
182 0.000184853
183 0.000183255
184 0.00018167
185 0.000180098
186 0.000178539
187 0.000176993
188 0.000175459
189 0.000173938
190 0.00017243
191 0.000170934
192 0.00016945
193 0.000167979
194 0.000166521
195 0.000165074
196 0.000163639
197 0.000162217
198 0.000160806
199 0.000159407
200 0.000158423
201 0.000157535
202 0.000156649
203 0.000155764
204 0.00015488
205 0.000153998
206 0.000153117
207 0.000152238
208 0.00015136
209 0.000150484
210 0.00014961
211 0.000148738
212 0.000147867
213 0.000146999
214 0.000146133
215 0.000145268
216 0.000144406
217 0.000143546
218 0.000142689
219 0.000141834
220 0.000140981
221 0.00014013
222 0.000139282
223 0.000138437
224 0.000137594
225 0.000136753
226 0.000135915
227 0.00013508
228 0.000134248
229 0.000133419
230 0.000132592
231 0.000131768
232 0.000130947
233 0.000130129
234 0.000129314
235 0.000128501
236 0.000127692
237 0.000126886
238 0.000126083
239 0.000125283
