1.43168e-13 4.16693e-12 8.13956e-11 9.92544e-10 7.55746e-09 3.6083e-08 1.08924e-07 2.1048e-07 2.64477e-07 2.19741e-07 1.22443e-07 4.61525e-08 1.18025e-08 2.04782e-09 2.41286e-10 1.93955e-11
4.02055e-12 1.1651e-10 2.2888e-09 2.793e-08 2.11786e-07 1.00198e-06 2.98162e-06 5.65067e-06 6.93485e-06 5.61718e-06 3.05625e-06 1.13061e-06 2.85877e-07 4.94535e-08 5.85981e-09 4.78111e-10
7.11428e-11 2.03772e-09 4.01785e-08 4.90692e-07 3.71345e-06 1.74843e-05 5.16253e-05 9.67872e-05 0.000117201 9.3542e-05 5.01962e-05 1.83812e-05 4.6283e-06 8.03423e-07 9.63943e-08 8.05056e-09
7.7628e-10 2.17684e-08 4.30037e-07 5.25717e-06 3.97917e-05 0.000187261 0.000552356 0.00103419 0.00125073 0.000997663 0.000535919 0.000197033 5.0043e-05 8.82138e-06 1.08488e-06 9.40788e-08
5.11474e-09 1.38396e-07 2.73415e-06 3.34714e-05 0.000254059 0.0012012 0.00356856 0.00675067 0.00827897 0.00672182 0.00368758 0.00138879 0.000362708 6.6169e-05 8.51314e-06 7.85267e-07
1.97377e-08 5.02007e-07 9.89067e-06 0.000121368 0.000928088 0.00444692 0.0134829 0.0262425 0.0333919 0.0283338 0.0163256 0.00647823 0.00178981 0.000348303 4.85579e-05 4.97547e-06
4.14827e-08 9.40333e-07 1.83584e-05 0.000226514 0.00176617 0.00875918 0.0279281 0.0580602 0.0799511 0.0740568 0.0467842 0.0204237 0.00625715 0.00137448 0.000223126 2.78367e-05
3.82973e-08 7.78186e-07 1.49346e-05 0.000187967 0.00154677 0.00834574 0.0296509 0.0697645 0.10955 0.11606 0.0842862 0.0429679 0.0159217 0.00449924 0.0010274 0.000200524
3.82973e-08 7.78186e-07 1.49346e-05 0.000187967 0.00154677 0.00834574 0.0296509 0.0697645 0.10955 0.11606 0.0842862 0.0429679 0.0159217 0.00449924 0.0010274 0.000200524
4.14827e-08 9.40333e-07 1.83584e-05 0.000226514 0.00176617 0.00875918 0.0279281 0.0580602 0.0799511 0.0740568 0.0467842 0.0204237 0.00625715 0.00137448 0.000223126 2.78367e-05
1.97377e-08 5.02007e-07 9.89067e-06 0.000121368 0.000928088 0.00444692 0.0134829 0.0262425 0.0333919 0.0283338 0.0163256 0.00647823 0.00178981 0.000348303 4.85579e-05 4.97547e-06
5.11474e-09 1.38396e-07 2.73415e-06 3.34714e-05 0.000254059 0.0012012 0.00356856 0.00675067 0.00827897 0.00672182 0.00368758 0.00138879 0.000362708 6.6169e-05 8.51314e-06 7.85267e-07
7.7628e-10 2.17684e-08 4.30037e-07 5.25717e-06 3.97917e-05 0.000187261 0.000552356 0.00103419 0.00125073 0.000997663 0.000535919 0.000197033 5.0043e-05 8.82138e-06 1.08488e-06 9.40788e-08
7.11428e-11 2.03772e-09 4.01785e-08 4.90692e-07 3.71345e-06 1.74843e-05 5.16253e-05 9.67872e-05 0.000117201 9.3542e-05 5.01962e-05 1.83812e-05 4.6283e-06 8.03423e-07 9.63943e-08 8.05056e-09
4.02055e-12 1.1651e-10 2.2888e-09 2.793e-08 2.11786e-07 1.00198e-06 2.98162e-06 5.65067e-06 6.93485e-06 5.61718e-06 3.05625e-06 1.13061e-06 2.85877e-07 4.94535e-08 5.85981e-09 4.78111e-10
1.43168e-13 4.16693e-12 8.13956e-11 9.92544e-10 7.55746e-09 3.6083e-08 1.08924e-07 2.1048e-07 2.64477e-07 2.19741e-07 1.22443e-07 4.61525e-08 1.18025e-08 2.04782e-09 2.41286e-10 1.93955e-11
