6.3628e-10 1.94796e-08 2.48737e-07 1.25605e-06 2.11636e-06 -1.69407e-20 -2.11636e-06 -1.25605e-06 -2.48737e-07 -1.94796e-08 -6.3628e-10
2.28449e-08 6.99393e-07 8.93062e-06 4.50969e-05 7.59855e-05 0 -7.59855e-05 -4.50969e-05 -8.93062e-06 -6.99393e-07 -2.28449e-08
3.50304e-07 1.07245e-05 0.000136942 0.000691516 0.00116516 1.47451e-17 -0.00116516 -0.000691516 -0.000136942 -1.07245e-05 -3.50304e-07
2.16614e-06 6.63159e-05 0.000846795 0.00427606 0.00720489 0 -0.00720489 -0.00427606 -0.000846795 -6.63159e-05 -2.16614e-06
4.18925e-06 0.000128253 0.00163768 0.00826978 0.0139341 1.38778e-17 -0.0139341 -0.00826978 -0.00163768 -0.000128253 -4.18925e-06
0 0 0 0 0 0 0 0 0 0 0
-4.18925e-06 -0.000128253 -0.00163768 -0.00826978 -0.0139341 0 0.0139341 0.00826978 0.00163768 0.000128253 4.18925e-06
-2.16614e-06 -6.63159e-05 -0.000846795 -0.00427606 -0.00720489 0 0.00720489 0.00427606 0.000846795 6.63159e-05 2.16614e-06
-3.50304e-07 -1.07245e-05 -0.000136942 -0.000691516 -0.00116516 1.04083e-17 0.00116516 0.000691516 0.000136942 1.07245e-05 3.50304e-07
-2.28449e-08 -6.99393e-07 -8.93062e-06 -4.50969e-05 -7.59855e-05 0 7.59855e-05 4.50969e-05 8.93062e-06 6.99393e-07 2.28449e-08
-6.3628e-10 -1.94796e-08 -2.48737e-07 -1.25605e-06 -2.11636e-06 -1.69407e-20 2.11636e-06 1.25605e-06 2.48737e-07 1.94796e-08 6.3628e-10
