8.27232e-10 2.53256e-08 3.23385e-07 1.63299e-06 2.7515e-06 0 -2.7515e-06 -1.63299e-06 -3.23385e-07 -2.53256e-08 -8.27232e-10
3.16569e-08 9.69172e-07 1.23755e-05 6.24923e-05 0.000105296 0 -0.000105296 -6.24923e-05 -1.23755e-05 -9.69172e-07 -3.16569e-08
5.38974e-07 1.65006e-05 0.000210698 0.00106396 0.00179271 0 -0.00179271 -0.00106396 -0.000210698 -1.65006e-05 -5.38974e-07
4.08249e-06 0.000124985 0.00159594 0.00805902 0.013579 0 -0.013579 -0.00805902 -0.00159594 -0.000124985 -4.08249e-06
1.37575e-05 0.000421183 0.00537813 0.0271579 0.0457594 0 -0.0457594 -0.0271579 -0.00537813 -0.000421183 -1.37575e-05
2.06258e-05 0.000631454 0.00806311 0.0407163 0.0686044 0 -0.0686044 -0.0407163 -0.00806311 -0.000631454 -2.06258e-05
9.99892e-07 3.06115e-05 0.000390882 0.00197383 0.00332579 0 -0.00332579 -0.00197383 -0.000390882 -3.06115e-05 -9.99892e-07
-6.74917e-07 -2.06625e-05 -0.000263841 -0.00133232 -0.00224487 0 0.00224487 0.00133232 0.000263841 2.06625e-05 6.74917e-07
-1.7942e-07 -5.49292e-06 -7.01396e-05 -0.000354184 -0.000596778 1.04083e-17 0.000596778 0.000354184 7.01396e-05 5.49292e-06 1.7942e-07
-1.41833e-08 -4.3422e-07 -5.54461e-06 -2.79986e-05 -4.71759e-05 0 4.71759e-05 2.79986e-05 5.54461e-06 4.3422e-07 1.41833e-08
-4.38781e-10 -1.34332e-08 -1.7153e-07 -8.66175e-07 -1.45945e-06 -2.37169e-20 1.45945e-06 8.66175e-07 1.7153e-07 1.34332e-08 4.38781e-10
