-0.11238
-0.113579
-0.114695
-0.115745
-0.116742
-0.117691
-0.118599
-0.119468
-0.120302
-0.121103
-0.121873
-0.122614
-0.123329
-0.124017
-0.12468
-0.125321
-0.125938
-0.126535
-0.127111
-0.127668
-0.128207
-0.128727
-0.12923
-0.129717
-0.130188
-0.130644
-0.131085
-0.131512
-0.131925
-0.132326
-0.132714
-0.13309
-0.133454
-0.133807
-0.134148
-0.13448
-0.134801
-0.135113
-0.135415
-0.135707
-0.135991
-0.136267
-0.136533
-0.136792
-0.137043
-0.137286
-0.137522
-0.13775
-0.137972
-0.138186
-0.138393
-0.138594
-0.138788
-0.138976
-0.139158
-0.139333
-0.139501
-0.139664
-0.13982
-0.139969
-0.140112
-0.140249
-0.140379
-0.140501
-0.140617
-0.140724
-0.140824
-0.140914
-0.140995
-0.141065
-0.141123
-0.141167
-0.141195
-0.141203
-0.141188
-0.141144
-0.141059
-0.140919
-0.140693
-0.140324
-0.13969
