0.92373
0.91726
0.912949
0.909821
0.907464
0.905683
0.904375
0.903478
0.902951
0.902765
0.902898
0.903328
0.904039
0.905015
0.906241
0.907705
0.909392
0.911292
0.913392
0.915684
0.918156
0.920798
0.923601
0.926555
0.929651
0.93288
0.936233
0.9397
0.943271
0.946937
0.950689
0.954516
0.958408
0.962356
0.966349
0.970378
0.974433
0.978502
0.982578
0.986649
0.990706
0.99474
0.998743
1.0027
1.00662
1.01047
1.01426
1.01797
1.02161
1.02516
1.02861
1.03197
1.03522
1.03836
1.04139
1.0443
1.04709
1.04976
1.0523
1.0547
1.05698
1.05912
1.06113
1.063
1.06474
1.06634
1.06782
1.06916
1.07039
1.07149
1.07249
1.07338
1.07418
1.07489
1.07554
1.07612
1.07664
1.07711
1.07748
1.07765
1.07732
