0.732666
0.744448
0.754675
0.764066
0.772933
0.781431
0.789646
0.797635
0.805442
0.8131
0.820641
0.828094
0.835486
0.842841
0.850183
0.857534
0.864912
0.872333
0.879812
0.887358
0.89498
0.902683
0.910468
0.918336
0.926283
0.934306
0.942397
0.950549
0.958753
0.967
0.97528
0.983585
0.991905
1.00023
1.00856
1.01688
1.02519
1.03348
1.04175
1.04999
1.05821
1.0664
1.07456
1.08268
1.09077
1.09882
1.10683
1.11479
1.12271
1.13058
1.13839
1.14614
1.15383
1.16145
1.16901
1.17648
1.18388
1.1912
1.19843
1.20558
1.21264
1.21962
1.22651
1.23333
1.24006
1.24672
1.25331
1.25983
1.26629
1.27268
1.27902
1.2853
1.29153
1.2977
1.3038
1.30985
1.31584
1.32179
1.32774
1.33382
1.34041
